81190228
76692885
72348614
67821166
63278354
58718927
54105645
49561895
44972729
40417468
35864552
31300073
26795385
22237989
17797052
13703719
36160180
31592784
27011065
22425649
17890180
13314607
23462525
20149765
15635390
11019817
11689766
10921172
10310496
10066902
22094352
17500029
12929612
9552425
9598728
9872166
10834041
11548313
10850188
10799772
10473627
10461752
10353367
10728159
10073004
10183108
9930452
9810193
10802276
9921704
10460038
22096810
17423790
12730925
11160040
9590874
9677593
9624468
9407333
9157073
9285616
9453324
9092752
8979419
9297909
8948587
10298848
11338848
8718067
9595516
8341089
9388121
13109528
13097914
44946928
40188126
35381147
30571095
25768647
20960418
16147345
12829064
16480992
12778336
15890055
14899535
12350889
11398181
12246724
10630422
11878548
11154277
10544278
10481622
10344018
10273550
10263082
10021259
11567197
10531989
11918917
9841261
9663866
9670325
9577981
10778867
9854389
9630952
10792411
10660224
10563453
10460329
10385850
10793976
10322830
10468560
10237987
9960748
11634186
10943354
9869604
9751948
9691219
9673251
9574189
10056898
9435180
9187107
10591066
9044556
9404609
8827370
9375287
25106331
20241643
15377320
10502997
32887583
28047531
23172011
18289667
13425604
8573833
8118521
11869929
13072585
15954930
11486180
11944774
11406806
11290088
12832015
11726339
12168527
12126236
12262590
12226966
10755456
12268633
13514520
11723739
11848270
69716193
64850933
59973277
55078954
50190881
45326402
40428745
35541766
30645777
25747912
20973485
16120673
11261975
10387496
11657444
9726976
9273331
11115311
12482967
11150624
10366927
10249375
9997188
10749220
10299116
10300054
10194846
10801253
9894691
9796879
10420161
12160891
9774745
9558547
9614850
9308340
10312143
9374122
9251467
9080425
8902874
9347874
8843448
9748865
11664334
8600793
8668189
9197513
8932565
8250222
8771316
12260067
8175588
8118557
12681058
11544132
12020486
17398977
12565123
12356217
12505228
11199551
10890697
12342313
12837157
10898511
11875908
12307315
10664242
11636482
15971431
11051939
11465638
11395430
12935274
10048504
11333348
11462828
11063818
14943090
15376267
14067830
13447101
11447050
13379706
10649759
14191843
11213249
9964969
9560021
10650126
15165231
14568408
14794971
11679243
10323305
11100702
15019765
12625078
11381224
10106850
10571642
9725965
17597998
15347112
14222894
13768572
13658155
11598104
20230813
17920241
14987845
14056023
13300398
12889930
10525242
19241650
15715452
15925036
13230193
12903943
12229256
18087747
22295821
17531550
14856654
14217748
14493634
19990875
22620251
17686395
14809157
13707960
11833012
12532127
17321607
19220775
15634577
14059421
12904890
11738797
17632600
16434475
19416924
14742132
13696247
12495571
16517394
16390572
15252187
18427344
15615730
12590782
12172241
17396877
16202607
18134587
13245680
11135003
10598858
16946776
16122662
14982506
15987246
15384694
11218653
10127768
20001780
15066935
13906728
15506416
13110062
10952615
9900167
9724230
9811262
11181471
12345846
10565430
9779805
9237098
9567827
9153869
9884912
11633923
9286475
9039809
8778195
9086633
8694498
9024290
10985280
8607885
8456062
8123511
8205386
8303303
8353512
12766274
12975128
11382368
11573462
12627369
12990859
14285964
11592527
12205913
10972684
12232320
12102685
13769092
10892634
12132218
10877479
11725136
10986490
12243730
11898887
11384408
11534878
10068993
10254774
11116233
10633525
11950141
11446547
9778839
9564152
9705247
9382747
10851081
9573581
10284624
9450822
9126812
10513948
11358792
12470355
10353897
10287752
9947909
10310305
10054785
10575827
11753796
10000151
9748641
9710881
9754840
9432913
9693018
10642289
9281404
9133332
9168801
9174322
9595833
9177761
9105418
9722033
8982867
9016513
8614690
10476514
10136046
8427296
8417349
8367297
8586464
8213183
8966934
11601049
12680321
12831988
11548811
11186051
12527250
14653032
12048970
12430793
10856991
11023815
11854440
12128868
13614129
11801942
11188036
11831422
11870745
10182464
11120590
15993872
11921216
11102050
10217623
10001061
11412468
14876844
11363354
9821584
9872939
9826220
9454138
9950544
11463774
9190754
10951223
10753880
10654349
11752214
10676902
11914299
10443361
10195706
11977894
10085602
11042686
9942947
10060552
9948781
9806542
9711803
9330814
9748419
15517899
10732587
10170712
9967171
9994359
9627484
11265818
9513840
12268684
11493945
9365976
9212071
9265300
9536811
13258895
8804156
9603167
9790095
8474730
9673220
12041607
14655618
12327545
13612598
12097911
13211505
12593172
11944631
16497549
11779007
12321560
11367081
11594842
12319374
12895520
11011354
11114427
11020938
10633959
11382866
15141513
10263388
10535680
12140108
12003129
10873859
10303130
10193651
11492818
10250319
10158080
10385007
11212820
10525217
12500842
10145009
9559437
11299646
10429646
11040324
14823502
10770898
10593607
10665638
10801316
10288973
10358036
13598453
10310432
10043454
10190121
9932778
10322934
10290852
14103457
10078561
9667988
10469343
9521896
10019813
9414293
11983304
9346064
9025127
10125128
11205858
10030389
9543619
11525286
9099401
12755756
8657423
13304768
12210966
17518415
12803779
14301332
12834562
11803104
12154563
17020032
12230032
12923210
15669878
12597378
12105086
11637222
14465973
11278682
10804463
11194881
10680662
11802798
11365872
11510039
10501654
10289623
10449363
10111134
10681343
14622490
9725980
9772751
9817960
10329835
11325409
10449524
10864004
9429421
10495359
11733901
10562495
11119423
14918486
11021247
10475258
10309321
10506821
10310467
10283697
13686510
11823646
10542449
9903491
9963595
10104012
10606617
10986566
9633753
9595733
9267400
9378338
10077401
9934277
9809329
9301674
8744903
9408966
9323811
9896519
8953030
9076729
9067458
8765584
10954699
12739700
12907773
14041784
12332670
11909077
14560848
13238765
12259859
11634443
13591631
11507309
11071945
12613404
11146633
11805019
11095332
12433197
11162416
10992365
11432834
11962001
11440752
12701846
11084607
11456274
14697577
11111588
11371692
10343880
12221902
10742215
9952944
10182268
9465810
9993675
10354248
10953572
10721072
10997114
11804927
11741074
11466126
12447741
10441231
10287274
10797691
10661129
11630452
10451286
12277953
10458474
9796287
10153892
9647851
10601601
9492696
9714884
9491030
9303739
9472229
9490875
10008428
9327595
10258689
9038638
8813117
8719784
9327129
9059994
10354369
9007182
8530151
12432184
12224580
12614112
12186612
13850884
11759426
13416041
12430156
13349688
12359636
13551147
11999012
12468179
11858232
11237399
11696774
13220212
14710213
12199276
11006360
10863235
11628861
11590059
11780059
13827977
12043550
10524696
10513655
10747666
10542302
11196521
11391105
10604751
9689856
10134284
9995117
10514805
11772723
10940640
11067307
10925849
10596943
11374079
10851267
11294966
10484810
10303352
10548509
11575697
10591374
13324031
10283980
10334605
12951533
10054137
10439242
10226742
11224191
12233671
9545233
10083619
9437474
10293933
9519610
11067892
9251174
8938831
9052477
8632061
9121280
8755291
10315917
13392115
12161282
11984460
12741492
12093992
12050764
13017483
11600660
11907484
11382901
11928214
17983892
13118632
11459882
13110351
11893529
12411186
11777853
15695770
10826968
43477857
38585410
33694732
28791035
23891451
18999160
14090566
13782233
10225514
11006192
10441713
22861090
17948121
13029267
12381195
9725570
9492862
26008906
21106666
16184948
11258177
11051719
10278126
10555991
10438179
27321514
22417035
17502972
12625577
10045785
10465525
12638286
9577245
9493652
24547143
19772925
14860789
10002977
11914592
9181728
9188707
9137718
9029177
9871261
9254855
8932460
9316992
8783711
8932357
8548712
9058348
17035536
12324599
9537880
13344027
11819340
13742049
12266008
14012831
11807363
13143666
15079291
12843979
12374344
12614761
13425178
11685231
11770231
11366117
10858930
11069504
13533463
11866536
10782526
12474402
11307423
11557892
10939090
12492424
10801644
10182634
10744301
11229093
11434458
10370031
9892219
10010709
12359616
9769877
9909357
11252847
15121233
10847483
10712275
11733266
10816964
10703319
11021184
15950976
11203008
10504935
10814154
10337749
11543478
10106552
14277230
10282074
9916449
10159054
9763742
10539367
10250878
12022546
9838119
9787234
9856453
12137860
9893173
10186819
10202757
9205830
9004893
9145259
9100676
8747916
9599791
9031615
11772240
11915001
13182554
12274638
14033805
13014483
11426931
13131879
11452609
12507922
15047871
11445423
11348913
11046049
12235945
10926310
11383655
16468551
12524124
10763969
10397407
10306886
10260116
11242200
14924753
10847044
10290118
12647358
11239234
11412724
10533609
15518767
13350590
11208924
10309288
10328143
11593144
16634603
14687260
13555541
12153250
11137052
10552938
16247419
14847263
12998305
11864138
10183253
9918306
13942525
14684401
11678412
10642631
9570079
10220757
15474508
14283102
14936384
11756853
10677166
9143572
14364354
12747271
11704043
18251544
13521908
8863054
15586858
18158942
15170765
16467120
13470870
12557901
17739986
15894309
14519726
13513268
15347592
14512800
18535614
18150146
13226290
12163792
11307282
12312491
10822074
16913898
15131763
13936243
13327650
11955514
11904322
17451042
15826407
14774324
12773647
12074012
11078700
16869587
14899431
13736150
11611463
10343234
9955265
12806048
16233236
14429382
12704643
12868289
12394331
10843238
18407354
16798969
16189229
15280844
14578501
15503502
19910065
20509024
15601367
13851889
11891681
10525223
10213921
10815589
10591214
9681839
9437934
9402361
9615278
9581060
9629602
9210749
37991794
33385804
28604398
23756325
18905023
14039971
9175179
9902367
8655076
8502004
26515652
21601381
16686745
11772214
12823309
11945236
13163205
13863987
12481852
11366175
11314770
11638572
11253833
12083365
13139564
12101908
11098731
11078992
11617222
11139253
11416910
14669098
10423578
10458943
10203683
10303527
11794465
10852174
11342487
10523633
10048269
10232176
9902489
12534000
10324469
10366553
9807543
9807804
11250513
10964055
11881712
16000827
11134004
10457234
10515307
10152600
15116715
10280153
13645049
10589008
10044737
10441040
9972551
10754635
9830937
10013490
9721772
9792033
9865679
9345523
9765419
9580472
11113337
9088129
9125734
9305422
8969016
9060735
8889642
9752195
10037612
9935946
8991519
9295686
17272927
12417823
11890115
11800116
12975116
14048763
14174701
17967670
13110014
12366681
12074859
11264338
12491579
13539704
15386788
12327257
12377153
11228612
10891008
11596738
11035749
10630281
11758198
10510438
11224397
11662835
11559554
11375075
11423618
10427472
11044035
10811275
11417682
10055599
10679662
9333308
9494142
10963882
10609664
11335029
13707895
10512687
10583625
10653521
10528365
10198938
11079460
13421752
10152117
9931128
12384618
10143421
10064775
9740192
13191495
9781495
9434777
9906288
9530299
10713998
9453946
12990405
9501864
8995301
9323427
8963011
9782491
9028689
11847596
8753013
8672805
8760983
8539681
12734109
13450620
11890829
11532548
12069944
11806038
12259893
11631873
12812759
11646197
13512083
11674375
12951459
13230261
15437345
11466616
10764429
12105263
10806253
12086358
12018338
13806099
11786203
10622297
10388287
11658496
10695840
10921310
14801936
10317665
10091572
10521937
11553291
10506313
14654386
10155741
9935585
12780794
11188399
12043295
11208504
12831004
10662150
10378557
11824235
11793350
11094132
14261893
10767049
10076164
9855904
11746530
9681530
10069760
11878771
10142001
9521584
10225960
9408304
9475753
9517680
10451274
9134817
8897994
9371432
9239089
10054298
8923361
9165028
8867320
8595185
9153779
8543780
12362010
14558781
12791698
11953157
11970137
11659773
13016857
15356128
12409826
11316702
11072327
11251859
11291078
11609881
14457069
11006392
11001601
10825143
11629154
12210144
11488530
13442072
11764781
11462855
11314053
11464783
10391502
10374523
10252024
10168066
9909785
9904838
9977859
11789422
10020308
10016350
11115986
10671820
10738852
10777550
10921665
13077291
10458124
10654479
11433334
11398595
10895262
10370314
12858440
10266461
9941774
10230473
10262817
10830213
9571047
9619016
9530058
9256205
9595632
9266518
10114592
12688863
10490843
36646939
31742356
26831158
21912721
16995950
12082148
10803554
8431367
8166003
32759131
27969183
23047048
18120381
13196996
12125798
11504132
27954342
23057259
18136842
13217884
12230489
11493718
12869240
26047002
21173773
16282419
11374033
32355755
27455234
22591015
17695182
12788098
13544036
29255184
24376539
19524716
14608986
10083466
12061383
26045499
21139302
16231020
11317114
11041281
9850657
11490084
9692741
23049566
18438420
13665087
10744670
12751233
25754985
20846964
15945558
11037433
10197225
10209309
12419883
10030820
29990927
25087594
20171708
15264677
10346656
10315875
24280866
19369564
14461439
9537064
9989877
9285294
9284826
8914722
23680349
18776912
13861964
8938474
9133839
8412746
8932955
21681342
17733477
15748009
11545822
11550926
11595875
27072804
22163220
17247804
12329627
15266450
30042702
25144838
20227807
15298744
11865671
12137963
12951349
10730985
34066301
29155936
24278228
19373384
14443123
10659478
10276301
28020314
23124741
18260731
13334533
11599950
28539379
23635212
18718650
13794796
10240577
9909848
10590318
10606672
10997350
31198290
26325217
21452404
16566259
11679175
11607092
35153918
30278241
25370741
20459387
15546679
10634700
10246210
26887931
21980692
17057723
12208452
9488296
9314859
9092933
29036164
24144914
19310435
14398977
9481529
8900071
8602936
24638042
19772417
14860334
9936480
8987782
8403876
9259398
23883619
18970441
14060181
13177056
11515234
13111745
29853310
24959664
20047372
15141435
14109248
11098102
11631748
28084459
23173157
18256021
13357636
12007272
10688678
30068212
25616806
20773368
15893889
11457118
11644358
10081703
27570246
22660819
17746236
12823319
11765091
9757331
9455143
25050771
20135823
15258166
10843687
10751240
10565094
11169418
24761086
19889784
14973170
10057389
10950983
10244369
27567079
22663746
17745152
12839319
10034527
9662132
9552706
27224322
22353333
17460104
12627031
10087239
9511667
9180521
28317503
23450576
18547451
13640628
8800836
10973077
8767660
37958237
33050476
28130633
23214174
18296101
13922768
14013654
11666415
12356051
14335530
35085637
30209439
25301679
20383398
15458971
29577150
24659077
19743764
14823452
13846785
12051734
12113140
12563089
26754601
21839601
16933716
12006841
24782520
19879447
14961634
10038249
10271843
11258250
28177210
23292158
18385596
13484606
13136430
9528878
9379347
29359974
24513360
19628308
14740027
13456902
27667373
22803258
17879977
12953779
10299508
11051123
24440969
19525657
14604563
12230501
10107532
9825814
24804357
19891024
14972587
10045555
9700712
9759983
9617328
24438163
19520298
14623215
9703267
9695455
11717279
9461446
22152177
17253270
12419520
8550198
9020146
8386605
8662543
23679472
18808795
13972285
12812285
14248848
32211663
27440152
22676455
17784319
14568538
12016195
12810935
27808280
22916197
17995937
13068072
12232343
11404167
11104376
27271357
22376044
17471461
12590055
11560576
13900629
10247869
25965214
21080579
16180683
11257246
12644382
11708705
11214383
23078707
18193811
13271572
15191364
16520375
14966782
27292513
22384752
17486367
16274753
15210170
15964285
13556420
26949495
22044808
17137724
14618662
12644548
13196371
9905642
24664499
19755801
14847311
10713717
10554812
9491218
9289292
25159815
20271065
15381481
12233669
10126013
13245285
32909975
28032995
23146172
18248152
13377266
9846485
30191123
25330394
20412634
15503519
13700238
12141072
17805812
31586127
26921127
22060658
17682377
12837950
18599826
38859828
33979620
29078110
24169203
19329620
17260454
17334048
31448269
26603998
21689779
16774935
11857852
17253530
15505978
30630668
25737803
20813949
15889470
19678585
16333950
14365148
28825202
23916817
18992390
17713380
19881349
14955985
13820777
29053748
24388591
19759321
20331561
15402185
13937082
12209374
30366147
25458022
20536043
16373751
14555522
12071773
11247190
26411983
21510317
16606515
11736150
9796150
9485786
9343651
24505945
19599956
14676726
9750476
11475060
8651571
8871415
23491782
18604803
13708448
8795688
11012408
25008295
20118087
15221316
11806785
11825743
13444963
11535692
12273505
25219445
20315538
15393351
12040903
13438664
26081062
21182051
16273718
12385281
12017781
14436636
11638251
10479316
27892444
23043902
18172131
13263329
15550153
10760830
26940363
22099374
17199009
12325519
11111874
12462395
9794948
10688594
25623388
20782763
15905419
10993180
10435940
10504066
10420577
24736933
20046516
15146360
10259173
10233496
10011882
31196676
26299280
21405999
16499749
11593082
10619593
9506937
29612565
24715586
19807409
14901315
9992565
10311628
9369753
34315954
29400902
24478246
19556163
14627413
9696996
8637517
25254290
20344863
15423821
10502415
10449916
11853823
26369033
21459970
16537418
12630231
12215596
11303878
11041743
29387682
24512110
19617110
14728099
15416173
11600079
11338152
27791488
22913727
18010811
13098363
12239665
10259457
29150241
24284824
19443991
14547949
13788106
10050294
9838055
29763213
24860401
19952432
15042901
10130088
27541132
22631132
17711028
12795664
10653268
10667800
10769675
11083738
11134676
24247022
19337074
14415095
9845668
10057179
9819731
26763067
21858223
16944785
12019004
11909421
23759892
18849996
13936454
9985829
9449736
10715101
9225831
8995206
9078071
8815468
9869739
10026094
8966876
8721720
8565626
8902502
8613336
9747034
8796878
12103806
11905161
12954849
12260162
13439798
13627924
16418497
11900268
12514383
12057457
11444697
12136520
11936260
12705219
11521834
11220845
11527564
11291888
11895065
13450847
10735222
10999494
10598401
11335224
11009287
13006267
10435069
14735435
10431112
10062258
11471842
11575593
10493822
10898979
10266011
10139501
11065387
10768148
11808461
13589607
11039972
10638670
10446692
11219349
11131484
10642318
14234194
10481590
10826643
10147581
10220602
11011384
9808832
9936853
9965864
9370500
9675605
9130709
9748991
11828263
9431024
9366493
8957847
9141650
9064723
9509411
10334152
8848371
8739569
8620403
8939674
11784467
9756290
20605927
15835510
12264365
12218688
12083845
13001345
12269158
15068951
11647024
11549316
13305098
13024577
14886297
10912130
12065516
11155829
10872028
10541299
11423279
14172342
10553019
10836301
10600208
11602240
11491615
11026303
12471877
13575211
11127763
9831305
9932660
12815212
11025681
11108130
9729641
9638027
9638913
10530371
11138341
10647977
10680790
10602613
10472614
10601885
10298344
12125011
12981470
10078710
10196262
9895534
9816888
9782097
10332306
11283348
9603453
10148974
9751110
9614340
10030382
9428924
9606737
9207675
9136165
9409395
8923406
9706583
12339136
8785438
9928720
8782314
9264398
8666794
8947055
11967004
12110963
12254193
12364610
12127423
11676277
12596538
15290550
13180185
11438571
11894197
11292791
11517791
13640969
10971698
11173626
10937116
11369304
10912378
11614253
11499931
11602275
10794723
11734099
10540870
11735350
10534256
10736913
10299518
10226393
10173113
10873217
10519312
10239833
9930562
9875094
10096189
10865668
11296450
10674628
11208951
10538379
10394577
10473275
10408953
10931506
10741975
10183798
10082392
9875362
10108331
9897967
9955415
11450208
9465677
9443437
9560938
9692866
9482033
9912762
16721409
11890368
9467660
9321671
9034744
9638442
9176047
12573600
9045059
8815319
8758497
8684800
11552977
14597874
12065166
11648708
12108292
11706574
13172199
11959231
14069388
12187722
11524909
11631733
12425067
11306994
11261526
13536475
12221475
11317413
10970955
10534914
10286581
16144499
11309030
10428249
10334656
10329708
11447365
10302053
12077366
11447471
10837107
10078461
10965441
11387265
10177994
10479713
10025651
9672996
10944142
10621018
11635185
15494509
10688884
10771488
10893312
10656958
10932740
10287740
12870345
10208783
10185763
11198940
9713159
11204098
11074254
13707015
10792172
9842721
9695117
9557513
10546160
9577098
12190640
9087046
8920016
9470797
8769288
8952778
11098768
8582987
8582414
8764134
8521374
9379343
16427886
12330907
12602210
12100752
12111377
13759242
12681430
12284764
14023306
11447630
12269609
12755912
12314871
11540496
16269039
11442320
12070498
12495967
11200238
11414301
11122843
10929875
11015084
10723939
11009200
12487325
14132690
11933576
11747222
10186337
11431807
10026078
9923422
10276027
11420507
11193840
10979258
11140821
11026186
11665561
10795405
10661187
10559573
10655511
10983168
10212439
11429471
12201815
10073222
9994004
9986973
10055307
9988588
9996401
12305360
9875934
9987236
9629007
9646300
10999061
9489894
11394791
10188229
9081250
9313542
8992813
9799689
9415158
9893857
8984743
8550889
8754900
9142713
17214172
12368183
12873496
11552403
12950945
12303237
11991050
19837770
15003447
11658239
11728083
13478396
12044595
12637460
12591887
16498607
11666003
11581576
12331473
12644859
10963401
11003766
13313506
10823610
10957205
10818403
10857518
10714654
13855905
10458092
11141999
10276583
9929083
10576740
9967678
11101898
11038929
11470961
10950701
11340025
11667577
16453880
11575495
10512266
13055548
10400965
11308726
10561174
12171696
11621228
10141801
10136020
10297271
12855657
9809511
11022689
9645918
9394669
9570815
9901128
10694045
12621911
10893682
10092797
9372224
8989881
9817121
9064778
11162799
8908112
8658477
8854207
8521187
13087073
12261396
13055928
11983637
13274471
11939263
14907962
13236660
17783588
13007598
13060099
12215047
11138120
11718173
11427392
11229528
12110518
10876925
10917082
10574061
11311927
14081667
12053438
10904949
10368335
10796096
10812502
10499951
11986358
10444691
10233806
11532140
10948078
11448027
10167663
13073236
11622351
15217665
13367717
13242249
11202978
10770947
10781573
16262511
14606053
12744022
11840585
10197044
10359492
15149077
14107306
13448505
12070536
10398297
9840172
14776996
12293924
10075799
9779081
9720852
9590592
15042208
13143406
11983563
12515334
9234449
9030178
18076690
13196065
11146326
11955441
10038983
8779400
17401641
17277058
16236069
13279194
13220913
11822164
18768519
18767738
15378572
13220499
12681802
14844511
18922949
19317637
17639721
18115086
14475451
15896076
12987535
20031911
15237379
14691078
12740662
15821288
10953944
17902279
18357592
16137123
18724051
13890978
12204885
11344208
16424730
16138845
19379679
14575512
10647231
12144784
16216816
15668119
13687806
23845933
19010256
14306610
18861871
16107340
13087341
12519581
10421456
12630884
10181249
17880000
12953801
12331563
11602761
10228699
10683335
9579325
9569430
9451878
10245993
9372296
11068807
9058599
8785474
12389017
9934902
9255476
8990476
9134122
8960842
8601832
8699697
8386416
16414803
12072876
11805012
11774179
12371002
12655638
12113087
12069702
14408296
12926005
14220328
11591266
12494756
11825173
16605747
11752258
11132675
11945957
11052572
12560697
12025698
12358980
13834136
10437470
11211064
10585231
10940284
10962316
11479139
10247160
10156848
10365599
10084193
10997579
10181694
11067632
11055758
12330758
11302321
11443936
11091958
10984875
10663677
10433522
11968158
10392741
11175190
10377482
11705347
10007014
10010087
10514828
9773266
10361704
10072694
10989205
9745195
9533112
9984310
10101394
9294363
12779781
9936604
9031240
8944417
8738220
9838273
8887856
8757128
8997232
8391087
8892702
8226921
12582703
11858537
12439058
11820205
12654424
12117185
13382446
14903905
12827447
11794270
12308854
12804376
11393803
12247345
14618231
12033857
11438545
10811904
12155603
12102999
12192114
14019510
10781959
10741126
11283262
10605970
10773888
10872013
13787795
10773733
9767119
10583317
11599203
11858787
10161131
13401861
11368684
11257799
10648321
11284207
10882020
10856656
10469312
10563115
10566084
11276033
10929262
10378638
12983118
10414264
9980202
10406192
10308067
10407026
9935724
13659944
10354528
9520882
10326404
9947966
9966613
9602342
11988124
9712239
8982031
9299271
8884220
9540731
9034429
10992919
9080316
8894587
8583598
12676255
15354329
12540683
12018913
11941882
12005320
14123550
12183602
11519801
12840218
11277093
12512354
11055948
12569699
11291939
11030012
11162825
10776315
11068399
12286316
11071994
10810640
14694599
11295381
10633871
10605330
10346424
11544914
12815019
12234499
9966322
10519916
10945333
10249084
9654605
12175022
11006429
10780596
11072472
10594868
11485494
10956588
10876067
10551068
10365704
10442735
10449090
11025237
11575393
9997008
10032269
9827947
9828885
10511177
9777479
9685917
9677585
9712429
12321075
9525972
10510660
9688681
10201390
9281026
9028734
9339829
9283058
9310090
9223268
9927174
9110977
8617748
12441499
12276083
16945615
12067490
13480199
12808064
11976554
11932023
11702232
15139889
12777181
12519161
11345307
12326089
12727652
11693382
14176872
11907705
11039529
11291717
10837759
11889322
12687812
12744792
10371146
10659636
10843595
9975731
10314273
10194170
10088181
9893702
10213338
10172922
10953912
10217402
9992038
11632715
11166778
11259643
10587300
11863082
11292405
10758083
10556208
10736782
10382459
10137251
10572304
14539336
12444493
10260274
10027619
10820223
10819390
10240224
12118975
10631788
9321059
9443820
9503768
9320279
9499551
11633926
8938666
8801062
9221428
8988043
10160543
8783096
9809763
8838930
9468201
8788306
13361536
12434245
12089193
13110496
13151538
11912945
11749976
12020550
14754405
11817426
11258312
11671021
11659927
11484251
11333574
13321804
10885919
10711128
12830139
11680035
10968942
10536650
13758370
10338787
10409725
11545611
9892278
11588268
10069414
10057956
9821186
9511707
10043010
9570823
9663532
9633272
10770148
10678950
11545253
10804368
12791764
10666192
14868015
10019838
10256662
11137340
10234475
11069893
9966716
13314269
9771040
9611301
9881197
9722864
10270417
9595261
10767762
9650575
9292815
9662138
9157451
9631774
12269796
9143911
8935318
8946151
9141985
8799590
8922299
11539904
9086518
8375998
8809749
12149385
12479385
17734855
12895011
11869803
11862252
11909961
12850013
11916628
19061421
14296369
11628661
13065953
11851006
13124184
11615538
14415643
10843872
10927102
11351321
10715332
11681270
12280229
10709084
11790855
10794137
10528460
11848409
10431534
21096640
16526275
12096952
48691696
43813571
38918675
34038623
29236488
24454665
19567477
14680238
12273311
12007634
29734095
24845449
19946491
15051230
10211439
10226596
10422481
9760346
24998474
20090661
15175088
10256182
10129412
9661756
9566860
9414830
9211393
9698320
9649310
9859155
13616551
9410197
9230458
8815042
9336188
8907178
9614575
14898534
10102649
13187806
48789997
43927445
39057133
34226768
29357914
24459841
19566768
14656977
14453487
11550623
11341561
13395624
36680419
31777346
26866408
21947762
17038700
12117971
25108441
20261671
15354431
13937035
11311671
10496880
13108599
31045529
26164852
21264904
16367143
11587925
28688656
23804698
18901885
14011052
9539906
11037198
10235480
29719597
24827878
19907201
14993972
13492254
11448817
10363713
11551422
28086111
23180174
18312466
13392413
26280801
21416582
16501322
11574499
9732364
22796237
17901237
12985039
9309570
26044208
21125770
16204103
11277593
10627906
8935146
11737959
8826501
28270983
23390201
18468535
13546451
8635826
8419421
29813069
24973902
20117653
15280100
14419997
12861768
29049947
24142082
19231093
14325260
13365885
13070573
11164896
27923232
23010367
18089221
13173857
13022972
12688285
27960370
23056308
18152245
13245422
11470318
11628965
13607299
10409330
27889801
23032301
18122197
13207666
11294697
27590533
22712095
17800637
12887668
9426262
10993138
10599909
10882253
28240641
23330901
18414756
13488506
10394131
11075277
10266423
28370436
23470228
18659395
13748561
9927311
11721739
9732364
30962263
26054607
21134607
16230023
11311117
9614815
9132212
23026641
18161432
13241016
12385808
12076850
10606173
8694142
23330342
18448779
13532113
8620290
10765759
8434405
8425916
21922845
17023158
12214356
12836388
11438315
11271493
26858057
21945401
17033734
12161599
11844308
11164360
29115508
24247644
19335040
14420508
11834102
11728113
11061082
27450980
22575980
17666085
12751032
16607960
11714679
25566139
20667962
15751348
11004889
11352442
10199474
9484266
10688537
26248227
21335883
16420571
11500675
16573072
14165520
29338647
24426563
19513282
14594532
15371408
14544429
12572450
27247452
22362244
17468910
14844692
16677922
13971099
30947403
26059278
21143080
16224643
15651518
10908706
9937873
8953186
25525115
20619594
15712198
15439543
10541366
9356731
8488450
28227983
23335223
18429806
13520379
8906525
13367412
28233611
23294183
18376372
13455903
11931424
12462310
33677105
28770646
23847782
18950230
14034500
12398042
35013566
30107993
25189920
20266847
15341691
12599087
16769348
31852319
26953934
22035861
17120653
12204142
13948934
16992946
35340031
30438677
25523313
20611698
15692531
16348313
15368105
31215764
26313993
21397482
16484618
16138056
13789150
13807796
11690921
26818996
21908475
20734518
18644049
13713163
12735612
27415301
22506968
17589051
18294469
15909938
13346344
13573272
27153899
22265722
17343222
12418638
10671712
9051399
9018848
25373069
20475204
15578798
10678954
9525621
8597288
8788382
27204114
22319947
17453541
12600312
11911979
11622240
27023336
22182554
17261617
15947972
11699169
11221045
11399535
25909329
21008027
16108600
11489902
11009954
10970371
11355059
30299072
25441156
20540531
15637770
10729228
10513187
11017042
23489283
18576992
13653658
12297305
10036784
11324337
27211422
22329651
17428818
12545380
11595329
10431787
9772205
29129863
24261999
19378561
14488613
13529655
10360853
10673250
31056273
26145023
21226586
16300075
11371898
10074763
27980443
23068151
18144609
13227995
9632214
9530339
9968308
25721019
20818831
15908310
10988310
9454248
8995290
9023051
25048470
20142324
15229876
10309616
8714408
8610085
8501857
27057484
22178057
17294359
12397953
11889203
11846079
32088529
27205665
22318477
17446394
12555248
11797957
12516603
26212022
21305563
16387386
11462334
10883376
10863221
11150565
24701400
19788275
14866713
13346557
10202442
10347026
26591403
21705778
16795101
11893018
11303643
11567446
10036300
28701928
23824792
18918178
14010730
12832397
11116981
9190939
26242400
21338285
16415421
11489639
10530734
10796411
10815162
23462351
18552820
13643653
11757924
9893029
10049748
27942459
23051729
18144854
13229229
11608084
9532043
9272928
26155951
21242566
16325951
11403816
9553504
22828297
17913558
12992047
10610589
9516215
25638873
20727363
15858040
10935696
9084863
10751374
8253197
25524918
20653929
15759502
12297002
11496690
11365440
27757005
22882421
18049349
13147786
13422214
12230860
12451746
32419352
27513155
22604582
17704425
12801040
13208436
10575311
27873907
22957501
18048907
13125157
13790783
11017190
10002867
24767713
19894223
15188286
10271463
12350005
9694537
29219643
25073550
20221518
15296154
10978550
10649800
10743707
27113657
22195844
17318240
12404126
10364386
10092981
9847773
31516682
26652463
21765015
16867932
11991057
11062099
29390799
24520382
19641476
14868455
9987310
9389758
10467102
9009030
28298824
23408043
18499293
13591688
9231376
9018772
30228254
25313462
20389973
15471275
10552525
9981744
8405182
27311434
22399976
17566643
12647007
11623518
12611331
30288417
25390761
20480865
15565188
12682271
27042117
22147377
17225971
12304513
10742846
10777430
12095868
10586754
10468005
28003267
23109517
18210299
13373111
13500143
10086133
9825456
26812646
21904781
16984729
12056500
10012333
9843011
9623168
26676347
21803170
16891607
11982545
11525462
10340515
28923954
24027079
19126767
14254892
13111663
10233643
13267602
29413906
24696614
19833281
15126927
10495937
9673854
9370990
26769482
21865211
16947190
12050836
11225368
9237868
9025160
24948339
20062298
15161048
10253652
9509798
8710580
9224955
26051676
21167406
16266468
11356624
11835114
11581782
11814959
13016887
12001835
11877773
11514545
11187878
11625223
11936161
12734859
11508037
12563871
12245902
10883246
11389289
10843039
11784863
11273457
12541999
11003406
10590958
11332990
11513876
11173616
15972002
11187159
10366586
9880753
11740754
11114088
10229401
16568204
11700391
9843621
9801590
10136538
11300289
11805133
14416749
10679093
10656645
10617687
10500500
10799147
14414616
11098158
10368627
10421336
10282326
10380816
9939358
12896390
10179880
9725714
10091704
9751236
10621445
9446966
10539623
9444207
9298218
9713166
8884312
9761865
9152699
9640460
8989158
8583221
9705930
8866243
9136660
10914056
12045620
12219683
12891089
12410986
12462705
14891924
11484737
12463436
11099582
12166197
11450416
11345677
14563334
11003438
11209064
11471721
11449169
12778441
11335628
12359640
11071827
11752765
11099745
10642714
11304538
14062299
11360789
10385425
9942352
10251936
9670791
10887770
13815948
10090219
10745063
9528085
10072929
12674440
11073711
11319389
11625744
10400588
10641370
10321839
10641735
13818767
10306892
10304862
9987414
10232102
9742676
10319655
14712625
10301583
9765542
9439553
10549033
10137106
10125961
13915180
10056014
9635910
9557681
9292161
10157214
9101693
10272423
8682736
8790914
9036904
8595185
9706332
10961072
12544510
12086073
12323105
11817689
13493627
15865503
11703888
11815503
11474618
12520296
11626650
12567432
14366287
11256860
11461496
11200820
11120612
12678269
13882748
11393842
11410301
10808010
11259208
10619886
11712335
12011293
15249784
10891711
10698743
10709420
10823015
11750046
10951661
14961819
10178329
9989475
10300205
11053435
11314685
12651717
10703228
10522187
10709739
10216042
11292657
11454793
13238544
12845419
10351201
10327764
10357399
11055160
10830161
11875057
9955578
9793183
10121361
9399017
10235685
9546154
10259123
11019749
9621728
9443968
9554177
9449438
13950272
11950741
9127200
9054805
8750951
10013764
8693244
12191369
13237151
12028454
12203142
12366840
11992882
11759810
14221529
12073405
12876686
12360020
12525490
11377886
12552001
11871376
11340596
11531846
10885857
11776483
11337004
10914400
11949088
11258984
10909974
10209923
10934923
10620497
12117112
10127008
10780446
10918415
10837426
10502948
10405657
11929095
11411751
11066700
11339825
12229305
11284930
12152223
10815504
11109151
11142953
10904985
11056288
11232486
12319674
10371393
10281498
10183267
10262382
9999518
11439883
10090248
10103217
10240353
9661655
10454937
10288896
11246970
9491970
9252960
9588794
9248117
9652232
8975045
9909421
9256921
9664734
8831193
9486558
8895361
8715413
12149112
13705050
12799478
12038280
11840781
11911250
12997657
12782449
11752345
11705991
11438232
11408232
13119587
11353077
10924223
11152609
10905943
12629693
11191204
12660736
13596830
12854383
11594696
11647301
10952041
10417093
12239958
11508396
10315272
10595012
10246418
10445117
13427566
10416107
9765483
9632254
10392619
17431735
14628819
20848143
15979705
11088403
13123716
15587728
14354395
12311009
13110698
10593198
9963771
13759449
13878564
12116846
14585336
9799399
9814503
13598723
11705754
10102005
10070130
14222371
9397892
15235966
14453049
11882581
11746748
14126905
10350759
14862896
13190136
11292011
10348522
12307064
8937377
15722482
16221024
14363004
12696077
12813109
12018370
17962173
16282902
13346652
12798268
12693372
11879466
19101707
17749364
16054468
14274937
13280250
13594053
19638533
16422960
15482857
13233586
12839576
10613014
12415254
21624787
16946766
13604683
11929110
11022131
16081612
18618227
18939217
19612811
14723697
13128749
10892760
16512553
17216564
13941772
11502189
10567294
10622815
12590784
20868807
19551203
22759902
18181464
13331464
13377246
20122039
19116414
18343237
14270321
12562404
11753551
10559853
9462041
9977094
12177615
10064282
9442772
9646575
9269336
9392670
9769024
12917410
9327931
8850640
8378089
8422620
10569288
9455174
8933403
12114862
12267988
12025645
13694239
12082052
13589240
12027105
11421845
11533877
11694711
12717263
11479972
11959243
11894192
12197942
11783932
10952839
11556017
15214142
11098570
10887528
11736071
10948311
10170603
11072635
13525604
10367427
10319928
10566543
10069512
12030034
11021544
12222951
11290139
10595192
10741703
9760661
11708527
11348319
11113632
10899934
10402747
10538737
10750821
10680978
14487281
10400041
10209990
10410719
10033376
11724471
12592752
13193326
10295409
10425566
10303431
9643952
10205516
10126245
11250777
10952653
9318642
9549320
9172237
9583696
9181457
9123228
8939270
8844427
9135938
8693959
9820418
9760835
15377399
12082920
12753754
12167661
12158807
12421047
11875579
12131986
12261778
11765736
13034227
14056050
11252613
13379541
11448499
12088552
11161782
13804907
12014856
14181731
11198294
10927305
11414441
10544493
11203244
10812619
11802255
10655329
10519965
10506111
10065174
10998560
12017206
11460123
9832520
11378562
10393719
12548667
11324084
14176897
11028564
10966325
11283670
10441639
11520181
11299348
13590286
10062682
10779818
10321642
10362371
10665653
10074508
10828050
9826019
10131488
9729614
10483104
9832584
12570397
9930293
9070814
9505554
8765242
11991493
9865400
8929150
9353630
13361287
9376131
8816183
9122955
8502434
12163893
11665613
12010144
11650301
11968947
15872021
11747230
11706918
12029835
12136502
15045878
11751190
14323952
11408796
10961036
12538745
11849058
11731818
10726975
12072757
12176455
10561091
10745102
10902811
12279322
11499218
11154479
12877136
10221824
13588491
10339429
10674638
11075472
15954744
11078858
9750369
10645422
11966464
11103756
12626569
11010267
10410424
11064695
11096519
12095790
11543864
14633760
10325844
10086625
10933136
10444856
10762512
10365482
12627722
9867670
10015066
9829077
9391682
9890016
9588766
9331840
9326944
9105955
9509341
9723040
9803196
12473301
9057989
8925125
10677417
8956063
9737470
8803825
13008409
12380441
12926587
13261640
13972630
12326432
13797631
13167215
11738361
11761382
12667454
11971257
11176466
13165112
11293550
12023603
11185478
13349281
11219437
10922042
14369595
10898241
11059648
11214232
11765742
11074389
10523608
12958036
10606578
10632359
10262047
11571527
10590330
13691841
10183924
9603196
10674915
11111999
11347468
10741687
15256792
11033720
10553876
10861689
10890596
11498878
13388149
11778462
10549713
10243880
10470182
10529818
10021798
13181226
10364820
9493935
9910446
9698311
10801436
12642479
9303312
9320500
9200761
9225657
9307220
9821336
9414826
9548941
8996077
8635035
8965140
9466964
9565245
13090194
12201236
13668008
12017435
11762227
12088374
15351760
12104677
11604729
12103063
11566032
12836658
13014054
18434837
13596659
11486608
11496139
12245932
12233432
14218381
10717756
10955361
10557496
10969893
12365935
11209894
10932446
10750572
10378854
10024375
10090730
11459324
11563022
10791929
15587607
10764222
10059483
14544536
12290421
11019432
13788391
13119590
10696777
10620788
10065268
10801102
13416936
10351207
10280061
9768916
10387615
10100948
10184699
10029491
11158033
37707464
32816891
27942099
23054703
18163297
13264339
12453089
10789756
10603142
8727830
23864759
18957050
14044238
9126113
8639186
8667572
8324708
21092835
16183095
14524398
11746169
11661065
11607368
12347264
11507369
12396484
11451641
11376641
11263881
11108204
11546538
13201383
11066539
11366488
11385134
11486593
11297635
11601750
10782792
12096803
11778679
11542742
10502898
12045295
10484306
10360452
10098890
10296286
10342589
11224517
11039777
10037851
9948580
10995300
10426186
11429884
12568010
12230302
11267802
13417386
11324522
11076137
10759106
11824107
11017441
12030358
10521400
10377130
10485255
10201141
11003642
10270152
19936300
15082289
10205258
10172759
10018540
10935937
9783333
10806250
10006251
9656095
9019585
9534221
8968232
10579170
8769639
8988754
8806411
8757297
9069381
14537611
38204020
33293603
28398134
23499853
18592353
13665009
11551312
13400323
28977252
24069075
19151627
14224752
11463450
11260222
10928191
10687983
11163661
10379859
10927307
13617204
10873662
11211267
12418247
10658872
10457310
10202363
12984187
10009603
9895437
31626846
26782419
21884086
16983096
12163096
11618513
32926797
28028672
23117266
18195860
13274453
11231225
10678360
10658726
10253830
10586591
10478935
11628571
10431280
9828260
10323260
10004094
11197532
10111491
11195398
9761804
9551961
9826753
9498733
9265973
15061339
10277484
9739933
9319465
9552278
9333476
10651393
9631706
14732540
9924415
12084781
9164104
9208063
8763792
12531606
13301554
12389523
12265097
12696399
11549629
15420307
11394995
11547495
12773798
11373954
12841403
11153487
11983695
11536404
10845051
11565103
11920833
12199115
14591615
11391251
10617033
10846721
10699586
10464170
11208597
10138025
13043078
10566255
9985578
11184329
10938704
10350788
14937091
11272768
9853237
10294384
11121832
12153031
11737250
13083292
10720376
10477929
10604387
10900794
11148868
10556941
17445380
13333401
10108088
11485901
10128610
10361527
9845434
10884185
9470904
9592206
9651373
10992520
10181166
13653094
9359396
9574240
9654762
9374919
9639034
9033982
9818201
8814660
8714661
9001484
8860026
9328620
13061225
11968361
11899820
11980446
12957894
13359718
18142114
13348469
11659146
11354199
12771960
11936700
11435606
14283836
11428159
10830399
11669098
10868734
12076911
11554724
13244465
12076080
10581705
10645508
10738164
12006863
10708374
15563739
10775770
10464260
10769782
10678845
10632543
12162440
14248274
9966138
43607809
38757757
33946767
29072080
24255101
19442132
14579580
17139372
12365806
29176173
24280912
19518829
14645235
13487944
11493153
11384716
10639404
11282738
12571905
11104561
9881593
9461177
9308625
9064355
17878575
13005294
10999304
10532378
9299722
12081598
16059099
13733995
11538058
10393058
9455402
9452955
15426081
16400560
15606915
13348686
12983843
12968062
18067646
16963168
16113637
14928846
12963065
12039159
10975774
19000567
16187286
15354422
15314422
12211506
11455100
18024632
17313383
15274216
13410779
13241665
14551145
19211094
18606302
23065887
18244897
15799116
13185314
12420367
17405784
15647451
14649171
15601515
11892036
12229693
18125110
15307506
15850163
12450893
11275476
10486622
10286102
19597510
14800113
16390427
11500792
10571938
10100845
18428346
17338607
14708659
13438764
12786160
10726577
10022619
9870276
9756839
9587412
12836580
9420330
9209289
9059445
9079706
9170228
8967988
12211427
9033823
8990802
8579553
8921064
9676273
14492524
11840076
12112733
13329556
11443880
12937005
12921016
12818829
11304194
11590288
12073310
12218050
12563727
11511957
12172010
11055448
10936490
11057584
10877064
11256804
13134200
10421492
10637482
10519097
11783160
10848265
10862172
15438371
10562069
38670770
33977436
29184103
24969103
20100041
15189989
10267489
31789106
26961085
22112439
17262127
13265408
12988429
10517805
25862338
20967286
16057286
11138640
11861505
9903901
9790777
29482342
24944165
20068175
15169581
10278384
9537863
9403020
29503387
24593856
19686460
14765366
9843387
9167971
9247190
24180994
19637244
14728025
9805577
26140059
21237403
16323965
11402142
8464434
9557508
12305529
11759592
29671261
24773501
19874490
15795688
11447355
29628659
24724128
19820274
14907826
13285847
11863920
12629129
12120640
10560849
28088976
23186893
18271789
13349601
13170487
11565592
10195332
26643459
21751844
16829084
11912990
11954397
9882210
9658095
25907681
21009973
16101795
11203983
9765598
9359765
9566120
23665549
18763465
13845028
13194091
10466487
10090550
29610552
24720761
19913729
15012740
10104823
10354980
9955189
29281910
24396389
19563056
14664879
9768316
9714202
9483578
22669413
17755819
12844934
9054517
8915715
8825664
9562279
23122645
18245250
13355041
8459468
9397959
8563740
10373116
30155879
25269577
20386087
15499160
14804421
12626140
26891611
22319319
17522079
12625465
11231924
10964424
31427604
26545364
21628749
16700156
11769583
10868802
10518282
26899638
21988492
17065523
12147138
11656253
10181462
10002868
27554277
22649850
17738079
12815423
10863392
23204019
18308914
13407560
10971675
12260217
25041209
20156209
15506730
10762355
10844959
10748762
11004335
25353296
20450743
15527983
10606421
11078348
10119338
12494026
10201110
9783090
9905903
26907988
22002259
17086269
12165644
11164447
9293406
9537312
24493460
19585491
14674658
9769085
8903200
8788982
8898722
22472682
17556328
12629870
10866068
8625495
8496173
31794144
26896905
21988467
17075238
12167999
29029459
24129563
19255397
14337897
15250554
28541076
23640712
18715816
13802014
12196024
11403369
12245609
26626080
21734205
16809934
11897798
11234778
12722122
10327227
25462072
20571135
15664729
12213791
10796917
30794628
25921659
21008898
16093742
11180044
11328847
10262962
12786140
32368538
27462757
22596819
17689996
12771975
10473538
12891872
26211301
21307812
16390208
11469687
10286458
10544323
9868907
22820784
17911409
12991200
9961982
9570940
9858754
28113912
23232245
18337870
13419381
10798964
9234746
10613601
32605687
27702145
22792249
17887197
12973812
8899385
8600219
24420325
19783606
14873346
10142877
8537669
11708712
30076578
25181162
20320537
15411422
11974839
12731246
12396038
29896717
25007550
20099321
15267759
11134061
12054634
10697499
26820574
21946512
17041929
12147710
11144585
10715002
10426513
25532349
20624328
15708703
10784588
10634068
10080943
10570683
27543394
22634279
17774384
12874852
11807040
10573968
26350949
21439439
16535793
11609230
10569856
10350429
10440013
25878192
20997098
16603505
11690900
10234130
9964443
10233089
24381216
19472518
14551685
9693404
10463613
22291948
17373406
12453510
9991323
9184188
8983303
11371585
9312575
32010494
27126588
22219400
17312057
12404453
11636068
8669766
28902008
24002008
19081747
14218362
9299508
11879040
28459615
23550448
18626125
13697115
11992480
12650501
24371284
19448003
14521545
10924618
11503264
12101546
10856338
10685245
34631758
29756289
24877383
19992070
15089675
10190143
33411240
28517177
23607750
18693480
13773011
9851240
26654784
21754524
16834471
11925357
10539264
12171660
10483848
9284994
9831088
24469111
19587809
14675465
10573070
10379789
10221664
29629115
24729323
19807656
14884271
9965104
10214376
9705574
25555836
20640316
15719170
10838180
10391097
9414171
9442036
24235736
19337663
14408652
9487871
8977403
8994174
8991623
25429854
20537614
15641312
10749177
9799177
8469855
26015586
21107930
16186263
11292201
15014337
11580952
11684911
24696891
19786527
14867933
14028819
11288038
11066372
28078509
23167884
18260957
13348093
12161895
11367625
10751271
28996794
24468565
19564659
14652419
13036118
10233618
11972629
26125287
21220808
16323777
11414714
10290392
9734975
9598570
24762738
19853259
14936853
10212790
9818572
9228104
10394667
27188263
22275971
17353367
12756752
10927430
26065349
21213213
16307067
11384099
10304411
25506497
20592486
16027486
11112122
9773945
9551237
25769260
20881083
15973219
11091292
9195406
9626344
10865928
26518691
21607337
16687806
11766243
8792754
8934577
10104890
24047184
19170986
14268955
9346923
8370101
8179060
28621979
23733021
18823437
13912708
11561667
11828490
12796564
28058284
23168753
18264326
13364743
12324431
12917192
12142192
27046621
22145527
17238861
12328965
12112559
11242351
13584279
33154646
28247250
23328709
18404646
13498709
10051365
10241261
23310274
18488919
13584857
10048242
9662462
10048712
10190223
23127308
18303454
13402777
11734236
12727778
10217049
24958041
20091843
15173145
10253301
10631895
11568719
10633511
23823565
18925856
14031325
9936482
9948617
11874972
26854662
21959662
17039818
12123412
10608777
9257683
9106017
25353311
20443884
15533051
10622634
9658051
11122791
8395656
24351491
19463262
14552116
9629877
8858367
10512482
29221078
24318318
19430453
14515245
12095401
13372017
12553892
27375352
22476082
17561290
12653269
11579051
12000926
11110979
27427231
23494783
18660148
13742439
11258221
10701711
10654055
28541557
23634526
18726557
13801349
11489214
13103485
25551508
20642654
15725362
10839321
10278748
11537603
9481978
26401720
22150105
17303387
13013855
10968335
11460315
35811359
30922297
26027505
21141463
16279224
11398651
14205266
28698966
23828914
18905633
13984643
10707300
13429228
11603707
27633709
23483032
18595897
13697772
16477148
13062044
11520273
28165744
23300536
18394181
15423609
15693713
29717986
24816424
19901059
14986372
10061736
16251477
13570019
13527728
32246324
27438095
22549293
18521168
18020960
39082889
34829921
29943306
25079400
20206587
18520807
16352578
13027786
12042057
12763829
17938934
44998104
40110968
35324354
30418104
25497739
20581281
19234042
14317062
11319615
11277376
11179876
10178679
24117743
19242066
31997276
27085037
22159568
17238630
16590818
14498058
14535819
32808187
27896989
23113812
18822145
17111729
15764594
34128294
29218034
24294700
19378607
20738868
16059440
15060170
13445014
26868766
22025120
17127256
12217308
10979600
9762048
10084184
23822259
18957832
14035853
9112623
9213457
8785749
9267313
22489241
17590648
12676794
11379242
8382732
8459972
8340597
21896068
17044818
12139349
11793672
11952423
11710340
26759352
21854717
16942217
12028102
30403417
25496282
20572740
15644563
14031022
10683939
27286545
22370555
17453212
12580608
12584358
10336754
10222796
26333996
21458788
16554309
11668476
13758060
32307906
27433739
22537333
17679729
12791239
12112333
27971502
23075460
18164158
13259731
11314263
10661607
12566920
10585514
10597806
26963746
22074267
17179371
12287913
12760413
9970101
10325206
28574635
23676250
18772083
13873385
12816302
9440990
9382188
27708961
22810836
17899274
12982451
11475628
9123337
9485265
25024590
20121985
15213131
10300006
8830215
8358809
26404749
21530426
16625895
11716572
11784177
11683865
12139959
25451836
20530534
15604179
14085482
11264492
11085066
31634391
26741370
21916318
17044808
12142725
12097361
11104496
29676061
24799290
19904968
15006061
10547832
10544239
10527885
28387367
23488356
18584606
13696169
12503096
9821847
9721691
25377891
20480234
15585495
15399766
10504350
9690183
27798415
22883102
17974873
13052894
11769561
10417478
11184354
26828783
21932429
17022481
12106439
10573002
9714825
9987951
24842276
19930296
15008265
10089463
9608839
9369725
9346808
24835508
19938269
15025092
10130925
9361759
8818686
9310562
23198480
18365772
13465772
8554939
26073222
21457441
16706868
12040983
8420879
27670985
22761558
17841558
12924944
12963850
15178591
11512497
26679270
21807291
16889270
11975937
11406354
12260104
11590678
25159377
20263648
15379325
10483961
11080107
10884795
27975735
23064277
18137870
13209745
11703808
10185006
11972195
25761728
20856884
15934696
11034019
11048603
10342458
10787615
25401835
20494231
15589804
10678919
10954753
10697305
10386733
23540068
18644182
13736005
10517933
10155693
10435486
11306372
24419915
19511217
14593769
10971426
9710072
10935906
10822781
23682939
18787471
13910544
9852939
12001690
9059242
25715026
20846328
15951484
11055807
9093412
10219350
8603308
24517477
19605498
14685133
9765498
8422373
11661697
27869512
22979356
18064043
13148106
11632012
12283002
25735452
20863369
15948629
11800088
12446442
11589984
12101079
11893892
26545352
21827175
16939102
12037123
13678373
10426759
10401760
26181553
21279470
16363220
11499782
12739523
26191191
21291816
16382650
11479785
11341660
10263432
10746141
9414995
28135622
23228383
18321456
13411612
10587029
10385207
10386145
23953594
19054480
14158282
10661772
11961564
9961616
9805523
23906254
18995733
14072921
9897400
11622974
9393234
9818964
23846726
19033080
14166414
9266830
9017352
10331623
27003500
22110896
17200219
12291417
10324230
10963189
23763868
18859909
13940691
9015118
8771264
11007931
11733349
30346580
25502257
20626424
15720643
12789497
14044237
11213873
11392155
11298457
11016166
12277781
11185282
10776897
10954710
12517783
12542732
11380805
11000337
13295285
10975702
10572734
37164925
32308831
27448414
22625289
17745393
12865081
12195133
32951855
28051438
23137584
18226021
13308678
12120084
27501493
22686805
17780816
12907326
10695816
27361599
22705193
17824776
12907953
10475350
11117277
27786550
22888113
17968321
13057540
9727592
10262593
9971447
9452906
9420094
11209678
9504001
9603898
9270825
11444107
26190151
21288015
16389370
11471817
9554162
8899266
8731714
8869371
8618434
8827029
8271091
9064894
11406301
26012605
21255695
16372153
11475903
13350175
12543352
11840644
11236165
11099551
11136219
11070907
11676428
13184293
12229762
11028461
11943409
10851482
10616691
11080806
12311797
31089403
26197216
21292841
16386486
11495966
10727789
12008258
28450656
23540292
18616333
13705240
10936594
10466490
11018105
10287845
9308054
9626284
23866807
18949463
14031286
12588370
10960505
10469308
27518841
22658998
17740404
12827487
10904206
22914885
18000666
13089364
10527229
12624521
10473532
9641189
9225512
10931242
9376763
9616816
11970619
31895934
26992027
22076767
17169059
12258121
8978642
10557236
27545884
22632655
17721614
12794270
8780780
11233021
8165886
23358179
18444377
13520471
11668232
11621826
13114431
30711881
25804120
20886516
15983548
12405266
11476934
27470113
22567300
17652509
12732613
10672613
10951884
11661989
10695375
23849075
18946575
14031418
10193398
10548554
10027253
10223816
22757203
17838922
12934755
9582099
10227881
10837829
25318613
20412623
15495071
10576321
11024811
10568614
10466374
23568512
18648408
13723147
10196949
10576898
10286586
27613411
22701380
17784192
12866432
9622005
9573984
9559714
25745498
20830966
15917998
11003883
10241800
11362269
9077113
25730084
20855970
15934095
11006178
9241387
9952169
8515346
24061494
19177015
14253734
12208994
9001755
9199203
27846081
22973372
18058320
13143424
12843425
12351290
11366967
27747074
22834313
17914626
12998792
11509626
11041189
49107704
44249318
39400568
34523902
29618277
24702548
19782548
14872391
10757131
10351090
11327080
25549999
20635624
15715363
10788228
9817030
9814270
9502135
26712658
21798075
16868961
11939325
10186617
9588857
28733807
23824641
18905005
13979745
13245787
12106204
10117871
27773394
22860478
17954905
13028967
11876832
10036416
9698604
26018189
21105533
16180481
11257095
10343033
9502825
9482774
24013765
19098817
14241265
9327255
9577360
9030537
9615121
8588819
8680799
8846998
9173925
9187467
8450853
9206010
11169084
8233563
11702470
11929189
11662575
13266482
15479243
11406691
11447473
11802630
12268464
11064974
11556225
13314247
10987268
10991591
28042479
23126333
18203364
13282166
10504666
11710657
11344095
25823315
21024826
16138680
11285867
12078108
11320348
31952850
27048475
22135611
17217486
15571340
14521549
11255611
31400718
26487645
21571551
16660562
14964521
12717646
11751761
27390773
22481294
17572336
15352232
14796816
13260722
11079733
24645151
19739058
14833589
10558329
11390517
9558277
9737653
23754322
18843332
13930936
10036197
9506510
9117031
27668492
22754221
17852346
12933075
11873492
8715367
30955787
26070734
21167766
16258964
11503235
12196256
8394225
30174540
25259488
20352405
15431259
13934749
26188500
21283084
16366000
13344334
12352616
13077772
28513764
23612202
18695066
14900743
14805275
14102619
19085224
19699704
14778089
31280175
26375227
21466738
16581685
16378613
16746426
15881687
12938250
11342365
10580750
9708355
16272627
14855596
14486586
12431378
10781899
11682681
20715235
15783567
14769350
14102423
12356173
10192111
10357320
34732167
29836802
24982219
20676802
15821437
14572063
10923730
10779720
25264617
20351180
15440607
10517013
10113160
9225660
11033994
9196807
8854828
9018631
8790194
9824778
9661809
8895508
8639310
8439155
8669832
8498010
8731604
10901657
8617490
11727804
13090408
11890930
13178743
14141295
11962806
11469421
12607807
11291558
11980673
11305882
13290257
27878801
22993645
18072915
13243124
12129791
10646093
10692708
10630886
10215522
10721616
28545577
23661983
18758598
13840837
12258858
9883546
10040630
24675424
19771882
14859799
10002403
25822019
20940613
16043530
11126394
10622645
11430458
24936970
20030251
15108585
10184262
10674523
10425096
27295775
22387650
17498328
12583953
9845463
10074110
11256819
26535727
21629529
16715779
11793800
11025571
9326769
9369322
26154272
21262605
16345470
11433230
10034220
11075523
8860888
25076984
20161879
15233859
10311411
9261672
8482245
8838600
22168133
17253758
12341362
15577977
12564696
11537040
26462980
21556001
16622719
11694022
12423657
11630481
29804285
24884546
19959962
15033660
12536890
11177828
11575641
10614860
23140955
18250747
13350903
11910747
13178456
10065644
28290646
23517521
18620855
13700803
10748667
9557522
10756689
10351637
9726586
9580128
9309139
10914608
10948619
10570703
10493412
10824610
10564350
11499663
10385080
10088466
10495342
24138521
19271750
14392844
10204458
11999980
9576178
26082118
21167482
16243107
11320243
10267222
11074254
9251494
24970715
20060767
15201392
10326861
9153944
9018997
22792332
17870509
12946499
8888739
8703218
8445354
8317698
8161241
22554680
17690357
12770097
12963483
11845775
11857025
11298015
11647443
11171402
12509788
11495517
13931820
12726612
10859946
11005675
10522186
11299374
13630417
11876042
13793282
34434952
29528493
24621931
19874691
15121097
10858441
13190265
28643079
23724642
18806569
13887559
9647142
25621415
20707717
15787352
10864800
