568073
323333
427656
377500
642656
1162292
483125
1553906
591146
433333
315156
315781
334688
325000
561354
409583
462604
225886
304219
203541
286250
536563
328125
176875
329740
320000
350104
416459
372812
575730
357760
331927
318646
350833
317292
341719
298281
285000
329479
327083
310677
326407
294011
582136
234062
346041
321511
260990
243645
293855
308906
289843
258907
271875
247239
115521
267448
239635
272864
257552
282396
297188
334427
248490
276719
266771
256563
267396
226562
210000
236459
130573
150885
109375
148594
104323
252292
264532
240834
258958
199948
227864
198698
218698
238594
213021
261928
201302
206719
204323
153021
230208
195938
227709
206302
217552
172552
143438
160885
263489
199688
176615
119896
137083
193645
195625
159011
120625
239114
131198
199843
175157
165833
210000
171458
186927
135521
200469
234427
176354
156354
146198
148959
97396
143959
262605
560104
144323
190052
148698
158438
153750
157084
134532
130573
39479
80625
51980
129115
80938
42552
61458
78177
48802
164896
160469
170261
153073
133021
221198
132188
165885
249115
154427
126146
167552
118802
147709
93646
149896
131094
150000
174636
41980
42656
47552
49896
46875
37239
41458
84636
38698
46198
45000
124531
80417
139219
134480
162708
128073
139166
125261
132291
164531
147709
221875
153802
108542
118073
55677
54063
44219
48438
44635
43177
163334
152031
159739
147969
122344
112188
121771
156146
105573
140625
126302
117188
138594
150938
137031
134531
156094
143594
141250
134218
91510
63021
63906
55521
110365
134635
108333
133959
118333
137812
104219
125260
110521
151250
136667
159792
149063
138542
157605
100209
125105
76302
37135
47188
112864
125208
146823
114375
130937
138698
72553
127969
101510
153177
102656
159739
98437
122656
128490
69636
58125
70781
256927
51406
91354
110469
72032
110104
500364
138802
115677
156614
43854
119896
64375
32500
31094
31093
92865
107760
110208
121042
141198
81458
105469
102292
79167
101875
65208
33646
63177
32812
30521
123750
101667
110104
107188
110781
111458
113802
136719
114115
110469
89219
109740
119584
128125
143542
108438
113333
121146
105781
136250
122917
99948
199219
108542
114740
131980
109011
116459
135677
112917
104115
104479
105521
91615
100208
124375
112500
109583
156771
230260
115208
118645
108125
109010
103281
107760
92604
96198
117396
111719
80156
125573
100000
110521
108334
113333
115573
107500
113073
132969
109428
97396
135677
93282
126927
314792
72396
122656
84427
107135
138386
120938
110521
148229
97448
69636
111093
112604
104636
108542
95625
96354
150937
114479
106042
115417
109011
116407
102291
118802
89583
108802
100990
119584
109428
57917
123958
79428
108230
101562
119375
103802
82812
117083
202084
110260
137813
109480
113490
105781
109427
106980
157187
126042
91041
117135
95000
204427
103385
117083
109948
88594
106615
113073
107552
106094
102813
108229
67812
106719
102969
101354
108281
128125
113281
95260
121355
141042
118542
101875
81667
104219
121198
124375
115156
137812
78020
110469
87552
129947
102708
130521
125000
94271
142188
75573
103750
80677
111719
99323
112031
144166
189167
117604
112813
131771
98020
118646
116979
148073
130521
176146
138229
132344
138229
75261
106459
111510
118437
127968
113073
108229
103646
107291
109479
108542
104323
107448
97500
113385
116979
119844
135573
105781
119166
119427
112188
107656
120156
146146
119323
125625
149843
127552
130625
125469
155521
197657
168229
187240
183230
184687
216146
89323
177709
162657
192396
178854
184062
200000
66250
360313
214948
364792
237188
343802
246562
179895
324896
210052
193698
203802
226406
88177
164532
133334
201875
390729
238750
226250
51563
184063
234010
194636
187864
256562
248021
71563
204948
205417
214480
205208
251562
62500
185938
207396
198645
1014114
191250
183281
218177
148906
100677
154115
446980
164896
125573
241823
176093
176042
136718
179636
171667
174011
176823
157343
182813
321510
162083
177761
169063
161042
257292
126718
182031
220989
160885
162083
199583
156041
145885
160469
151511
161614
148281
156511
213802
147083
177032
210781
69948
180209
268906
178229
187656
116459
141615
170729
137760
116823
102865
121928
123438
112292
112812
207709
292812
130990
161875
224011
70364
206407
196146
222917
202135
191302
274635
242604
446823
119636
425156
154271
133593
58073
137343
144479
131563
141094
167969
126198
118750
143281
137448
90625
131511
135677
121927
142656
131927
155416
187187
178125
149167
142916
152813
175208
155417
189271
164323
136667
188646
148854
214062
146407
295313
173334
223750
137969
151458
192812
161719
331563
183021
233958
169115
276667
323750
461771
169323
202083
195989
162135
217083
191250
216562
186458
157343
176771
158489
166718
172187
162813
163126
151510
160417
139062
176094
175521
155729
107500
153229
178125
149011
169584
156094
151667
189010
173281
181562
216198
187708
205052
162448
61718
182656
164740
176615
160417
149323
146042
105573
125260
221250
251718
195886
187605
64531
154896
118958
184219
187656
180157
2017917
208542
147136
170365
136146
176302
533333
45052
186458
166927
215989
197760
265157
2084375
187135
149688
189479
219375
223021
237968
190677
188750
118073
168281
66146
208646
337500
166198
160834
178333
168750
184323
224948
184948
164166
115989
177448
170937
198489
152656
166563
169844
311614
170468
165781
172709
171355
178906
135573
325833
174688
1332812
188385
42917
40677
194166
300886
165677
155417
191979
66927
132761
133334
163229
281770
206406
167135
57552
161146
123125
146458
101927
168593
195729
190573
227448
179011
244636
209167
198698
194635
168906
64115
31719
36667
30104
30781
30417
111875
103073
148229
64531
33437
30313
41042
110417
76250
119948
58750
36459
31042
30938
158854
90261
108333
69479
37344
37239
33333
67709
170260
134635
276562
146875
146354
72865
45520
34115
32708
107396
123750
77604
35469
33229
30677
126093
134270
72083
70885
34114
30104
32239
131667
130208
105105
62865
35364
30885
30417
116563
131198
106562
68334
42552
30469
95156
99323
120938
123490
98021
43646
32031
56615
127032
101406
97865
32552
30834
35469
109427
112031
98229
90833
70000
33229
43073
110052
173177
153958
72188
60729
31093
44531
93959
107396
100833
673490
59896
30781
31718
105886
73490
30260
29375
97656
168281
196614
118802
131094
75521
37656
49375
40208
35104
130209
406302
46822
183802
32292
35208
112239
67135
69322
36979
29583
116406
146979
152657
118125
72344
35678
44167
32553
104947
71511
35156
37969
33073
113750
110417
110885
91511
126406
158958
182552
31355
92812
119479
102291
64740
38906
37916
135729
113386
129583
108854
154323
41718
31563
37917
126198
73802
31667
29062
28386
122708
108386
112031
99583
126718
121823
43490
36927
35729
35156
127187
89218
35573
311458
39271
79532
107709
110052
73229
36875
102396
105521
59063
30261
30156
37865
174688
102083
107553
107396
106302
72240
33177
30313
30417
38385
119584
63854
31667
53281
127968
104844
112500
123854
83646
108959
35573
33281
38698
118802
102239
91458
65469
35261
34584
41771
158177
112135
174323
57031
40364
30521
72917
150156
108177
79583
40000
42344
36823
126093
116875
143281
62135
35104
35417
32500
93594
105834
86927
79375
40521
37187
42552
114427
95729
33802
32187
113334
107761
67812
35886
30052
29948
134948
116562
102917
111719
123594
109792
72968
69479
38802
38854
113594
116667
121145
68438
34115
39480
30989
105885
117917
109115
39166
30625
29323
117240
97239
101614
65000
39010
31458
31823
100937
101406
102448
56615
34740
30781
71458
104427
107084
113021
73750
34948
33073
33177
140989
170417
63802
36563
34792
35209
150781
95156
106667
69271
43125
34062
35781
122552
77917
44636
32604
30052
99844
62813
43438
37500
102240
99166
101667
114532
68229
37865
37292
33386
117188
131198
140885
42917
37240
45729
40833
116563
121406
67917
41875
30990
30729
113854
122083
85521
80000
34584
76146
34688
280469
138541
101719
63333
32864
29896
30521
147916
119271
109271
58021
29063
29480
113073
159531
115521
122708
70260
37604
136094
38333
114740
162656
84219
44583
39115
37969
38646
132239
131927
60469
30990
30313
29532
121823
125000
117396
72656
33646
31459
30469
110729
80260
34427
31875
100104
117031
115677
121719
116302
75678
31250
36042
42084
87448
127604
150052
66771
88073
32760
197188
128854
74584
109635
67708
40521
34896
113230
143906
76927
37188
34688
35313
125885
111510
215730
118385
72917
69739
33645
98646
183802
118438
125417
66979
51042
79270
29948
111979
106510
73125
30365
30365
250729
109688
115260
120469
84480
41354
31719
30208
30468
113125
111615
61719
31197
35260
28281
106927
101198
78854
112968
118021
210990
173073
188021
201667
184479
177292
191875
251771
210782
157656
178386
320834
230521
222032
212969
185468
206927
170208
206823
222083
198958
169219
141042
170052
171875
179427
177240
201094
189843
302188
107500
188386
196667
223125
185833
204479
205260
146041
146354
139063
163125
504635
107708
124896
101927
118438
99583
119688
129791
106927
129843
193906
174062
144427
178906
283646
271094
136302
459844
424948
270313
184896
180313
149115
130313
170313
140886
143021
144844
158750
162031
101250
214062
159844
164271
186927
63281
161771
157084
160833
174480
139843
83854
213230
1019010
114271
253542
270417
191302
194532
123646
156042
145156
207761
152500
137188
146250
125209
153750
153229
221979
195104
147135
157552
170573
182240
166979
299219
165833
166407
158073
208490
177031
204636
169271
167291
180416
172396
166771
187240
271406
160000
192604
179270
185833
202864
182031
205782
286823
178750
215417
143958
165208
194687
204687
185260
181458
172604
231354
178229
861354
165573
167604
167813
161979
138906
159896
144531
320677
142500
154532
154271
127969
148281
217968
395261
175156
159739
197083
192552
213073
169480
202396
231822
173750
190833
277343
93438
176771
214896
134427
180886
226823
969427
155989
184167
181510
199583
171302
144479
188750
206302
199115
180364
190677
181562
259896
320521
147135
208698
173437
180573
145364
170157
167448
313386
128437
125365
147031
112865
357969
178698
145729
123594
141771
207917
173802
183177
168021
192084
170469
145885
154011
138802
152865
207500
142083
196041
262448
135833
175105
209896
154687
151614
187500
151198
167135
169740
103855
174791
135521
189427
212239
207969
212500
40625
175938
176406
248542
200521
43958
209167
218281
152708
200937
205000
185469
522396
160313
149635
160521
157604
222552
36406
166927
100521
153281
162500
178750
185208
208907
179375
245781
164688
136979
50312
54844
42917
39844
45937
41146
277083
163593
164792
64948
31562
35312
33437
28282
27917
188593
131510
120365
127291
125417
141406
121511
144635
132188
146718
143125
151406
144635
68437
147188
162760
173020
226719
248750
272708
240677
233698
401406
83594
178021
311562
232865
50052
182188
245625
65157
260312
121927
126875
122083
192136
129219
132135
160469
112187
134948
140052
136094
37656
139583
151459
171823
161198
181459
198333
163490
907240
248021
300781
450417
375834
319792
142553
203542
179531
463854
169375
628125
396146
251719
312448
471823
194063
180625
121145
106354
140625
120417
113906
162292
135364
148906
144792
133385
190573
150104
147031
149583
151146
131823
470625
164740
214532
192083
203281
151562
160834
121823
147135
463593
120417
143958
128854
140729
185468
165469
244271
239166
149896
163802
75833
35833
39635
41614
34583
37864
30521
133021
75938
35469
32031
39948
158437
132448
117709
109115
150729
127031
125885
128802
155156
149323
135885
133230
91979
130312
95052
194167
175104
157656
153541
76250
146250
154896
149792
154948
156927
149375
154271
141093
223386
181927
192239
288906
54271
169375
163177
178333
250416
273906
414531
128907
244636
193177
193542
233438
324531
193593
186250
174740
127083
154115
150364
163125
170781
134740
313750
165365
184792
166458
177500
160677
132083
161198
173125
154688
194166
356771
194375
167708
194844
213125
230104
183229
122864
184375
268490
197812
577916
174531
111979
106666
133542
122083
113958
132865
131198
135990
122813
138750
158542
189948
239167
179166
169635
170156
126875
164740
173281
342344
405469
93959
153802
196407
207969
256563
153489
236823
63334
34063
32135
27969
28386
96458
99687
67552
32500
30052
146719
125313
118437
89479
38021
100989
123854
107031
117969
116510
34635
39635
31823
176094
105312
132813
125052
105937
117760
107083
154531
153594
117761
146823
114792
134063
157916
170990
147448
45521
145365
167396
154739
147500
199583
196823
201093
179167
144063
167032
131458
158594
173333
164792
192813
181562
144428
253698
627604
259011
133541
211302
214479
198541
209270
225625
194948
166198
158594
204063
159896
170781
204844
142864
167500
175989
158906
425469
169948
172813
174479
127708
330364
191562
156250
336614
219896
257032
261041
167344
339948
157813
201302
162813
188333
208073
214948
300104
289479
190104
172240
69011
34635
33541
33386
33073
31354
31823
31303
114895
111719
66198
32239
30677
36979
120000
111615
119375
66198
37500
28907
30052
102343
184010
72813
37708
30937
28698
109428
113385
83073
69948
31875
29219
41666
28438
122708
121406
71198
32084
31093
70105
162448
105625
120000
84427
48541
38437
45678
111302
152083
122812
67136
31302
37552
141979
132708
124427
57031
30261
30052
128177
130781
122500
66302
35677
34219
43177
124114
89792
111823
79531
45886
38594
38646
123125
107448
119636
81250
40313
36042
37239
134375
66406
36093
30625
42135
107760
62500
180833
30625
37864
94427
142344
101927
103958
47500
35729
33802
123594
112083
69896
64115
32865
30208
32604
143646
98177
99636
75937
42760
52813
40625
208125
122083
72396
55729
43854
41041
43646
109584
80156
30989
41250
35208
105208
118489
114531
90260
80729
56614
40469
38958
132500
84427
86198
46979
48125
44531
44583
121875
238750
60521
38906
36198
116667
110261
95417
124479
80625
56302
47448
113177
65104
31146
39688
95104
108021
135573
117292
100416
33802
79011
119062
107917
115782
63177
31355
29375
31354
195990
110364
132083
74583
34010
31510
59791
125105
117552
147292
109844
267760
423906
67917
34792
30417
129167
107396
113125
64584
36250
30104
30365
192604
92031
127761
59218
81510
31822
29375
112552
104218
155104
58959
31459
72500
43229
131615
41979
32344
117031
105520
122031
97083
37968
68750
36041
117812
123489
58855
33802
44375
35678
110625
114375
120937
72344
36510
28750
28802
128802
111354
126823
59323
30781
30104
29584
114635
127552
211198
72500
31198
38177
66146
105052
113958
115365
66770
33698
29896
661667
118333
116667
65052
30833
29167
28333
145469
111511
114948
72760
43750
34115
60938
112396
133073
60885
68333
39687
37344
87448
123698
122864
107344
96042
34271
51510
109896
114218
90572
69687
63959
45677
384583
111094
117240
111719
93437
48958
33907
120365
113854
67552
88125
33906
42865
41302
108750
112135
129167
56042
40573
28593
28438
235156
188281
73178
30677
29115
60156
31093
106146
133021
62969
31615
28958
33230
123489
100573
121771
65417
42291
32031
113281
73906
30208
38906
31823
30834
90261
139948
131458
98177
68229
46250
31979
33177
99010
118073
100573
115573
67448
32447
120886
105885
108802
106250
78177
67917
106041
49947
124740
59740
30208
28750
110520
113073
110729
145781
107500
110209
72657
35313
34479
33959
120834
135521
92188
35521
32552
46354
31458
116927
72761
83594
41459
32761
30677
106979
63282
113489
108282
30990
45625
31406
130208
121094
66719
32344
30052
114375
107500
92916
128646
85260
140833
108177
115157
131614
96511
135729
128906
130208
148073
176042
185209
134896
169896
200989
329895
222865
202031
179166
349531
132969
396458
176771
290729
187292
182136
180886
202656
294948
164844
167239
147031
156614
235729
209688
166094
201511
145156
158697
135000
112240
128750
129480
143593
142604
129583
128542
109584
385521
123907
114063
172291
143646
105885
164688
145521
161459
133907
139687
162708
124532
147500
139375
193646
155417
408230
208334
233021
248698
274218
211823
196093
223698
206042
205573
164635
327292
170469
279896
183281
126614
154218
158958
149376
149323
178229
187135
216094
265312
180730
193958
168438
179167
180989
165208
304948
179895
187136
179166
172552
212500
187604
194479
203072
223698
242448
158542
169948
195625
488385
134323
149010
235625
110521
147135
199011
179010
171094
182240
150260
130104
145365
144323
172135
169062
167865
155573
136354
162240
187604
174583
176771
140468
179792
177396
183333
165417
169167
186823
194635
187083
307083
212136
229322
176250
142031
141094
165521
180989
180885
163594
150104
141719
143125
147448
147448
294427
139010
158593
183542
110468
165260
100833
144895
131614
145208
172864
228802
200781
183750
309115
165937
146980
180521
166302
186302
265417
216406
214584
175417
184375
193073
313854
292709
178594
199062
183333
172396
167812
220886
155781
269740
293229
137188
137083
151563
143437
129167
118750
117708
112969
135209
134375
168073
122969
99427
156667
117240
131614
114635
142969
143386
188802
170625
171510
146822
164687
151041
181198
161875
167708
172708
161614
201666
194479
141771
184843
166041
264218
157291
201771
189271
218281
310833
276615
200156
209531
183229
185729
166302
126823
182812
161719
243281
304427
146198
141302
159062
161302
143229
158490
148646
223750
160053
178854
377917
181927
240261
140989
148646
118333
165417
238490
163646
155625
160729
141146
169948
132239
177188
236250
184583
167396
188333
182604
178282
176042
171719
244427
355000
190052
181979
174271
229531
168698
164271
155834
164636
161980
180365
175365
162396
114688
157031
205416
173230
200105
195000
181771
176667
165417
201302
180782
183385
181719
209584
158125
185573
179114
154218
185677
189843
161406
224687
326875
165885
185052
225105
168334
211250
147135
276146
174479
193020
429948
223281
166562
197500
175469
179584
260156
159792
196042
199271
192135
143542
161614
149271
159583
248906
154688
227031
260469
220833
569584
59635
193542
224635
199011
237396
181146
255989
401459
60677
46615
185938
361094
212864
212448
155208
33073
149166
156979
139896
145157
110261
122969
233750
172083
193125
174323
161250
319792
145885
168959
187240
263229
321771
190729
166771
208125
189010
161615
169687
160052
158750
167968
150729
391979
188490
176198
182031
165208
185729
241615
182864
796510
376042
175104
278385
162292
169219
441615
169740
181459
168386
145364
164740
176459
165104
175052
143073
250886
141615
168906
207240
194740
174635
168177
160625
203542
226302
187656
200156
191407
208855
149792
319323
204219
503125
186666
774375
194635
208229
190365
169167
297136
184323
154687
168281
173281
182500
136146
303230
157969
146719
158750
117188
158021
523438
128177
167500
181615
186198
160469
172240
179219
171771
238490
49583
175469
264271
235156
216198
175468
224323
152709
178542
186042
174427
200104
172708
158646
169636
165573
148125
173281
174479
144271
166614
153803
167240
201563
156459
164688
175990
169636
194479
147083
169844
163333
163021
246407
181980
192761
137864
209844
157187
152344
173177
134896
181354
544792
188178
176406
190208
176146
118542
171927
168177
212032
177761
170834
516041
205781
156927
205312
155104
181302
162553
181354
197656
185885
373542
197083
441718
181042
166354
187813
265052
193802
178541
259322
149584
348125
163802
215677
176510
182187
204427
211354
153906
152240
192448
140000
156041
160468
158698
146979
155156
190365
175625
155989
185521
276667
166823
946614
187396
113646
185885
223177
182917
233594
192032
171250
201354
254375
201875
201302
209636
259010
173906
167656
240156
185156
149375
183386
149010
142448
176198
187969
167761
157448
170312
635261
151979
466459
204427
162136
147760
168489
181980
140833
163541
196146
176875
193646
206614
156458
211562
195521
195885
162448
199688
184375
183178
169531
216354
197344
170000
180208
179219
163020
222083
214166
175052
172448
151927
168072
149792
172031
152604
269583
137916
167656
176354
160157
221198
151354
168125
220261
173334
163073
220781
207761
154688
151250
173438
171770
139428
551927
164115
212448
153802
154948
187760
184011
168645
151302
860521
152344
105261
167240
205468
188906
139219
181459
163021
56875
156042
201979
168333
451510
387916
149687
144375
183854
145052
212396
173334
155625
165520
126980
147395
206771
146458
165417
191510
166354
161303
177812
144636
191927
135990
159271
128802
161146
169375
123438
179114
158802
165677
162553
77083
32553
34531
28958
37500
40625
145729
109636
123750
139479
159583
36979
67917
32292
69635
30885
109375
107865
106406
91198
94063
60365
79010
77813
154062
169636
95156
430625
85000
39896
48697
38386
38021
44427
130625
85938
41771
38385
37240
167552
95834
39739
51511
38750
120312
105729
107709
38385
30416
111094
106198
115729
80052
127864
42708
111980
1131823
118750
137864
61093
95364
30625
91980
113230
132552
104427
108281
38645
38906
108125
125000
115052
115625
69166
34427
47083
123542
136510
65625
33020
32031
29166
100729
119271
109270
66666
36979
34895
34219
119323
105678
122083
63229
40677
33334
107240
115885
104271
107865
65104
30781
31562
115937
108177
103958
108802
62604
30573
30260
113229
156406
116406
122761
60833
30365
30157
151875
131615
115573
64323
32032
29740
28646
142604
107448
113073
59011
30990
31511
122031
122604
121667
71667
62083
29479
28125
103698
114792
119062
111875
63958
31875
32917
122969
121198
96094
64271
32291
29427
117917
114948
128281
106458
53125
32760
30208
116562
134636
88646
57708
31302
99219
45782
131146
127344
92865
61198
29532
34584
58958
114948
193594
73125
63229
31302
32083
129896
112083
138802
125468
118854
56563
104531
61771
120261
117656
115052
118906
41355
29740
518021
127344
77812
93646
32500
50886
31406
118385
117188
65104
50208
35989
123490
101511
106875
81615
115937
64896
30677
96094
55313
110521
141406
103437
107136
109895
96667
139479
108230
98906
66146
31250
30000
36667
167083
64375
101563
138490
104479
148020
134688
104062
126510
156302
254687
38750
33385
114583
120990
59271
29167
35990
87136
97031
109635
137395
107343
63229
35469
43333
98437
109531
126458
111875
63802
31980
30364
135209
504531
423281
53281
39375
111563
113020
103854
157344
116198
99218
62136
30260
38385
102187
115312
279844
69323
37240
31875
59479
109166
88490
94532
71614
47448
34167
35937
106562
116302
93126
69011
60364
32031
109323
143750
62865
32188
110156
109740
112917
66198
33750
31562
119011
96615
105157
97240
58386
30834
30729
82917
