70
70
70
71
69
71
72
70
68
76
70
70
67
72
73
70
70
71
68
70
72
69
67
74
71
74
70
68
77
71
71
69
75
77
68
74
67
72
71
71
70
73
70
72
69
74
73
69
70
75
72
70
71
71
74
75
75
71
69
70
72
70
70
71
70
73
69
72
72
75
67
75
70
73
73
69
71
71
71
71
74
71
70
79
73
72
68
75
66
72
72
70
69
70
72
71
72
73
70
72
73
70
71
69
76
71
70
69
72
71
68
70
71
71
68
73
71
71
70
71
71
77
73
70
74
70
67
71
71
70
71
72
72
72
72
69
71
68
73
70
70
74
69
71
73
72
67
69
68
70
70
70
71
71
71
74
72
75
77
75
73
76
74
73
70
76
73
72
70
68
70
74
67
73
74
70
71
70
71
70
72
67
71
73
73
71
74
73
71
68
70
68
70
73
70
73
73
73
72
70
71
70
73
70
71
69
71
81
73
70
67
70
71
70
71
74
72
71
72
70
70
73
71
70
71
70
70
70
71
71
71
81
81
80
73
71
70
71
68
71
73
71
71
80
71
68
68
83
71
71
69
72
71
71
76
68
74
73
76
74
73
71
71
71
71
81
70
70
70
71
72
72
68
80
74
72
72
73
74
71
71
77
72
72
67
74
70
73
74
72
74
72
74
73
72
81
70
69
69
73
72
76
74
75
68
72
74
74
68
73
74
72
71
73
74
71
69
81
71
71
73
72
75
81
72
68
71
72
74
72
72
69
68
71
74
74
69
71
72
72
72
72
72
75
73
68
71
73
77
69
73
73
70
73
72
73
72
73
67
68
72
82
74
72
73
76
78
72
73
73
70
74
70
72
71
74
73
72
77
73
72
73
70
71
71
74
75
74
70
73
74
72
71
73
69
73
71
74
73
77
71
72
72
72
69
72
72
72
81
72
70
73
73
68
73
75
74
67
68
69
69
73
73
72
69
73
82
73
69
74
74
73
70
73
71
83
73
74
77
73
77
73
71
71
74
81
71
74
68
72
73
71
73
76
70
72
73
72
72
68
74
69
72
72
72
71
73
72
73
74
74
71
69
73
75
72
76
70
72
68
68
72
74
73
72
69
73
68
73
73
72
77
72
69
72
76
74
71
74
70
82
75
72
81
72
73
72
69
68
71
72
72
71
70
69
67
82
72
71
68
71
75
72
71
72
68
68
81
72
72
72
69
69
73
72
82
83
72
71
67
81
70
72
67
67
73
72
73
72
73
71
68
72
73
74
69
74
75
74
70
70
72
75
72
71
74
68
74
74
68
71
72
73
72
72
74
75
71
72
72
74
73
73
71
75
72
71
73
72
69
72
72
71
69
72
80
72
69
75
71
73
73
72
72
76
73
72
72
75
72
71
72
75
75
75
77
76
73
74
74
73
72
72
72
69
76
72
73
71
73
73
