70
71
67
67
71
70
69
70
68
71
72
70
73
69
73
70
72
74
70
71
72
68
67
71
71
71
71
70
70
71
70
80
72
71
75
70
70
69
71
71
74
71
71
72
70
80
71
73
71
70
67
70
68
69
74
69
70
71
70
73
70
74
72
74
74
75
70
71
70
71
69
68
72
70
76
71
71
70
71
73
76
70
72
70
71
69
71
81
74
71
73
73
70
75
70
70
69
71
80
71
71
68
71
70
67
71
80
70
79
70
70
68
80
69
70
70
71
71
67
71
69
72
70
71
77
67
68
69
72
71
70
68
71
68
72
70
72
71
67
68
68
71
72
69
70
68
70
68
71
70
75
70
71
67
72
68
81
70
68
69
68
72
68
73
75
70
72
72
83
82
71
66
75
81
71
67
74
71
72
76
71
73
70
74
70
72
73
70
71
70
71
70
66
71
71
70
69
67
79
72
73
70
67
67
71
73
71
73
73
68
70
69
69
70
70
68
70
67
72
70
70
66
68
69
72
67
81
67
69
72
72
72
72
71
68
72
72
70
72
70
71
73
69
68
70
71
70
70
76
69
71
70
70
70
72
70
70
71
72
73
73
72
69
69
70
74
74
69
67
74
70
70
71
69
67
71
70
70
70
71
71
69
74
70
73
71
72
71
70
73
75
71
