64
68
66
66
65
69
72
71
68
66
68
65
68
67
70
69
66
68
71
66
66
70
67
67
71
68
70
66
66
68
69
69
66
66
70
67
63
67
73
66
67
68
69
67
67
67
68
70
67
68
70
71
69
70
68
67
69
66
66
66
68
71
71
65
63
67
68
65
72
68
66
69
68
75
70
78
67
66
70
65
64
66
71
65
66
67
69
69
70
65
65
67
66
71
63
63
69
67
65
67
67
63
69
63
72
70
68
69
68
67
67
69
69
68
66
68
70
66
65
69
69
67
69
69
67
70
67
70
64
67
69
74
67
67
68
69
66
67
68
68
64
66
74
69
70
67
66
69
68
69
70
69
67
68
70
66
66
74
71
59
59
66
59
60
56
62
60
58
59
60
59
59
60
59
58
64
63
68
68
70
66
67
66
71
66
64
68
67
71
68
64
68
66
66
68
65
68
67
70
67
65
67
69
71
67
66
64
71
70
64
65
66
72
66
68
69
71
67
66
72
67
67
65
65
65
67
75
66
64
68
64
73
64
66
64
69
66
70
64
70
67
67
73
69
66
68
71
72
69
71
70
69
65
66
66
66
72
66
66
66
68
65
66
66
68
69
71
68
67
67
73
70
66
66
72
70
71
71
67
70
70
68
67
69
68
68
73
66
65
69
69
70
68
67
66
68
64
68
69
67
68
64
67
65
66
69
70
69
67
66
75
67
67
64
66
69
68
66
66
70
70
70
67
66
66
65
67
66
66
65
68
70
67
65
67
68
69
65
66
68
80
71
66
67
67
67
65
68
69
65
68
67
66
72
68
66
69
69
67
66
67
67
68
67
66
66
69
67
66
73
73
66
65
68
66
64
69
64
69
70
63
61
59
62
63
58
68
65
66
65
64
67
67
68
66
65
72
67
66
74
64
67
71
67
67
69
67
69
67
65
69
71
68
65
69
65
69
68
75
71
64
67
72
67
65
69
68
66
66
66
67
69
67
69
64
66
71
64
70
67
69
69
67
68
81
69
68
66
67
67
67
64
76
65
66
66
67
67
69
68
66
65
65
70
67
64
70
68
66
68
67
68
68
66
67
70
69
68
68
65
66
66
66
67
67
70
64
64
69
65
68
67
65
68
70
70
67
64
68
87
68
67
66
67
66
75
71
67
68
65
69
65
68
67
69
72
63
69
67
67
67
66
65
71
69
70
65
69
59
55
58
67
67
68
66
65
67
69
70
64
68
70
67
67
68
68
65
69
66
66
65
70
71
69
71
68
76
66
69
67
65
65
66
66
67
67
71
74
67
67
69
67
68
67
65
70
69
66
66
68
66
67
61
58
61
62
69
61
63
57
60
70
71
70
70
66
58
69
66
65
67
58
68
66
66
69
66
68
66
67
75
64
77
70
67
66
69
65
69
70
67
66
68
66
66
70
70
69
68
69
66
64
69
65
67
68
73
64
68
66
68
67
68
66
68
72
66
65
67
66
70
70
68
68
69
67
66
66
68
67
72
65
67
66
59
59
56
60
57
62
68
72
72
66
68
72
67
66
68
67
73
68
68
72
67
65
67
73
66
67
71
66
66
69
67
67
68
65
69
67
68
69
68
69
67
71
67
67
67
65
65
64
69
71
72
66
69
67
68
72
65
66
75
67
66
68
69
71
70
63
66
66
65
68
66
67
70
67
65
71
64
67
69
69
66
65
66
69
66
64
72
66
67
74
66
66
68
67
66
68
66
57
54
