331875
129740
243125
253489
336614
313489
237968
283282
313854
320677
301041
468802
292187
320521
270261
325313
311406
313438
823750
296198
314479
278177
299271
285781
278386
388854
463177
302604
317761
265781
305521
321354
442448
278178
273646
364167
312084
319062
328698
338281
317448
332500
375989
478593
728437
488750
497605
326355
610417
391198
355521
309167
316823
285834
306250
306666
310313
321093
358333
287291
324219
340312
282656
294271
242500
288645
368437
314583
293646
345104
488802
479687
645261
462500
532656
758646
589896
521145
370989
336511
329271
304792
389896
278334
339270
451042
299322
309114
390052
333281
271458
306198
269063
280209
314792
275417
295937
324167
240312
3040572
336615
243594
275365
303645
367761
525469
390781
296822
331145
283906
287135
314427
301459
308802
372968
350365
308802
321562
287812
361146
292239
316979
297240
732292
267292
302136
301927
292865
326771
312500
304427
310781
300833
293750
306406
308125
328698
451614
465625
501563
452344
570312
442344
456406
465000
501980
475781
448177
504062
465781
465938
454792
444375
490677
489167
464114
526562
568490
503281
508907
432344
659323
551407
482500
518177
494479
648438
482864
491458
477552
573802
456354
627032
1374792
338177
310105
319114
324271
338698
307396
331302
303333
548073
655990
475104
486667
521302
475209
564583
646459
465990
689948
516927
308125
310677
337709
497864
312343
333333
346823
315000
382135
485729
496510
474687
502500
488489
573542
483645
329010
314791
351302
361197
391094
2689688
381667
304323
299479
345208
349323
347813
407916
387396
553854
696198
390052
370312
509063
390677
453177
397500
411562
449427
473386
626823
457709
479844
482031
668594
570885
527500
325208
292135
292344
305156
291823
316563
323386
294479
328333
473073
462656
492865
491927
678854
473802
486303
293958
297135
295209
304896
327448
331510
328125
304219
386979
280989
148125
143489
143177
185000
207291
166511
175156
128906
134010
136979
231042
184010
136667
140573
171719
191875
152708
209896
194948
147031
184479
196459
240156
255625
158750
130886
369635
139844
131354
387604
324271
553281
295312
188646
132292
403854
296771
473281
348281
346510
352032
359167
343750
364844
350312
350104
393125
3385468
376250
373177
236042
180104
389115
453229
410052
356667
347552
368333
362344
348697
377657
376510
346250
747500
299636
248802
191198
164948
290260
203959
276459
154844
190521
256511
197031
162552
201354
209479
272083
211615
203125
160364
211094
203646
228594
236562
177448
153907
173125
314218
175573
401979
416093
298385
396927
291927
298125
145937
302969
291718
282864
371302
360312
340156
355938
355521
365573
369791
361614
350313
367917
357813
371563
293698
206718
189271
370468
352604
347760
298281
297187
301771
295573
307135
305261
471614
522500
705938
588490
313177
279635
254219
370416
294948
354948
340468
310625
315521
290989
295000
289583
658177
507188
453333
483073
382136
194791
2598125
192396
138282
300469
322083
293073
301302
299375
315052
303542
474062
518385
488125
814635
234843
197500
233593
258959
225365
325677
336770
377343
301563
351771
313959
286250
303906
323229
345678
157135
135625
344583
327291
312292
287812
304740
263230
307605
309219
279636
276250
318855
315781
301145
300209
152656
205000
222708
307136
349792
309062
310417
302761
323645
296510
294740
302032
315729
307865
351302
295937
165677
161562
796927
476979
321094
296406
433020
297656
421303
280885
342708
419063
469740
466041
570469
300417
201250
150469
219479
307135
402969
531563
307552
308125
327187
481614
448281
487031
470052
569896
515417
348958
306510
166406
156302
152500
140573
334844
348594
2558438
302240
305416
309896
303802
296146
350365
362083
317604
134375
302343
300364
291458
463542
283906
269375
276354
278906
267240
278229
272188
331250
292969
315990
138386
122552
314687
372709
313437
299948
299531
298906
303854
283594
277031
282344
280208
423697
406979
472656
425937
398854
245781
267500
250677
324687
329427
381562
300573
296875
305677
308333
287553
308594
297969
285209
299011
128906
120885
348386
849271
455834
313750
335938
281406
278073
288177
274636
324427
463125
478229
711771
484792
232396
256042
249010
483230
467500
354010
342917
280573
298438
293281
290365
297135
307188
312344
385260
171145
153906
430625
397188
535157
295833
308906
310104
308229
307709
316927
295730
4817240
692448
582240
484062
477656
355052
150885
130729
146406
329063
358177
331041
355781
297031
304947
297500
307708
311980
290625
309115
372396
268177
215677
318541
369479
292916
467291
279271
291875
273698
276615
282292
298177
304947
357917
359584
130209
136666
301719
318229
329948
351823
303907
323073
437240
460156
465416
476042
461198
450416
525833
450000
233177
225209
226823
223542
338854
352552
346406
299323
292552
300052
307604
290156
310677
300052
291719
296667
318021
133125
376822
329531
315312
356407
289375
304063
318959
288437
281771
287552
475365
478281
498698
449740
237656
226354
238333
343906
429636
416823
350885
412656
305937
294271
297604
310521
303125
296823
313958
376198
3068177
263125
231198
389896
410000
516510
351094
374115
403802
360625
360104
361094
353803
357552
572084
352291
162708
155781
411823
386667
542864
300938
303229
305677
304791
286927
306094
289479
293906
307708
575469
315313
188854
192344
357657
501354
372031
337552
316615
453437
349167
475156
350937
499740
364687
341510
447031
387604
162031
154219
483802
350365
322657
305730
311302
309011
303281
295677
297969
301667
290520
299948
380938
165104
158906
160625
435937
332292
345937
302657
293333
310729
305000
299688
299532
365781
360312
355000
400417
426771
257240
193958
223281
303386
355052
333698
300313
360938
296875
295677
305416
543854
470260
453386
479532
268281
134843
137552
142917
150886
3394011
330625
299531
306771
299167
294948
297552
297292
296198
297916
321302
130000
121666
341407
344948
300625
304948
292135
293490
283646
286614
284062
280729
291145
269479
278282
269740
284792
120886
113229
347187
330677
300625
310000
285208
360885
288073
290886
299375
281614
290833
278490
281511
144531
147969
336250
322239
286614
467396
291250
296198
322395
282500
319427
299636
278855
293802
278021
299428
318073
133333
403490
304271
337240
291354
290209
296719
292291
300261
285677
290885
283490
285573
354427
355208
181928
168438
409792
1338802
328073
307709
300990
438229
309532
361146
288541
291927
289062
361407
300781
409011
355833
292604
264167
354531
340521
361250
320313
312500
294115
2560157
292552
312656
305105
296562
543490
321615
130261
122239
409167
422500
311302
448542
299739
285260
315573
288697
294479
462656
456927
454219
909844
290938
154271
151614
135469
138281
319948
340625
303855
296771
293907
293698
288333
426094
401146
419688
376198
305521
315989
347187
557500
317448
737864
349688
294583
286562
300104
304010
290209
299688
301979
311562
541666
312448
130989
121614
360000
328593
341875
292968
295312
279896
299219
296302
273542
484479
459062
477448
544531
308333
154010
143594
159844
266823
357708
349375
300938
298594
298489
285625
295312
327656
291510
289219
602968
299584
143959
128750
119635
296927
429688
481511
334270
330781
311719
324896
306250
303385
300052
2549531
395417
254479
289948
588542
242500
322812
345052
293177
301823
317604
295782
296979
304583
496094
468229
486771
672813
467552
297604
126667
122500
120416
347552
329896
300156
293490
296354
295000
298333
293230
357448
305261
286198
141823
227656
201719
172083
345678
363541
301719
304843
297552
303177
299531
304167
297291
474271
639583
511979
315781
126042
141979
130260
332813
363646
325312
301146
311667
314323
311979
307552
297448
290521
289948
367084
241302
271667
206666
345989
319479
314167
378907
341146
325989
1468750
869375
799844
599011
294479
366511
298802
357084
151094
340781
330364
308594
308333
295833
309219
292813
302552
295625
339271
294896
296146
335052
341146
142136
127656
2933489
349948
284584
312032
293594
289375
283646
290365
300052
290990
279219
288073
292605
287552
119323
118542
310156
315156
275730
293542
285781
270000
281666
272395
283021
271093
284375
267136
329583
294895
163646
150417
212864
310260
336614
465729
278229
279219
266355
273750
285000
287083
231979
274895
295521
287083
173802
159323
944792
329740
298021
285313
281094
275938
255937
281771
255104
413281
407761
422187
484010
290990
127656
120781
165104
321562
336406
480156
314896
300937
312708
284011
442969
419323
462500
430677
482813
331927
145364
122656
124270
299583
377032
335468
309322
312813
299740
305000
294688
288542
297708
297344
381406
378907
171458
160729
314843
341093
314844
317240
2315625
304687
342813
306719
407708
394583
399271
420886
415417
396979
438229
216875
208542
213542
320677
444844
312968
298021
310729
294948
408334
393906
404323
422343
633855
394271
402500
221354
206406
193541
336771
342292
335625
317083
317032
307240
301718
291771
293959
310209
278593
472500
179219
162812
306146
343698
386198
301354
295469
286875
463125
290416
298125
307865
307240
297657
319479
319740
140052
328750
373177
344167
313073
308229
341146
377083
354011
359895
350364
356302
344583
347761
659740
276510
127187
129740
140885
305104
297291
307031
280938
262187
281719
282656
357031
355573
354688
476042
364271
359739
178854
296094
301093
476042
351354
307656
308802
333803
294531
386771
2333021
342761
297292
421406
346511
350208
194114
182240
158437
364010
359791
360625
299948
330573
297657
289375
287657
288177
320521
334740
339688
130156
124791
342917
319740
318854
302708
300416
312656
311614
311979
300156
298854
292187
285989
319219
321042
139584
128490
538230
295885
275938
295885
279844
277657
284271
285209
462396
448698
459323
459635
471718
441822
460677
295521
284531
239583
252396
345938
216458
342604
302813
295156
313334
294740
296979
306667
409948
468177
468125
260625
246458
382344
446302
479114
326979
313281
293177
301094
302604
327761
301302
296198
535313
557760
464375
302656
240782
264218
286458
321823
319010
340521
340104
306770
307552
292500
292969
306198
488073
4078021
255781
267448
306354
331041
435520
397969
329635
299896
310260
297031
308802
291354
291198
312239
357084
795833
189895
165260
344896
328490
319480
278542
297344
275781
286979
283177
272136
453489
501927
462865
304636
154948
274323
170468
649271
349375
1546979
1391406
1529011
1257240
305833
410469
309636
308906
310208
309323
310573
304583
138750
129792
268229
327917
443750
331927
296094
353490
301302
294167
302240
301822
310261
294531
318750
315365
171875
166459
325729
348542
319948
318021
321146
291615
331979
307448
311406
301979
315521
331667
351979
148490
276614
318333
351145
326407
307084
300000
292187
287657
296718
354115
351823
345677
345834
339010
285260
210573
219062
489115
576354
2639687
356927
309844
298698
317813
292864
285729
309375
291719
281979
295416
308489
124791
129792
294115
329896
325052
381041
299531
300625
322604
290000
469896
474271
473802
454323
500989
697813
503281
276250
272291
599948
303125
641719
353958
336146
315937
293854
301146
289114
310104
295000
429010
396615
474375
236823
312135
289635
288489
916771
366979
321979
358541
306822
300886
287552
306511
297708
471250
428021
249792
254531
265677
472344
463385
387657
300625
319688
336354
312552
305573
285938
292083
385312
626875
300782
215417
150625
184375
340885
329375
299947
324011
306354
315000
324323
301146
283542
320469
306511
359531
332709
128281
122291
354479
388073
390469
343021
339219
336927
2287136
277500
261615
269583
277135
270833
316927
219323
232916
297136
638542
305208
452917
310052
297604
305209
336406
290260
457396
451042
449375
457344
476927
287552
301146
292344
319062
300417
511458
354010
341459
295313
296719
299636
292031
293854
300782
461355
529688
473333
549479
348594
545885
341667
305781
330625
415469
336615
299532
307135
294427
288229
297083
326562
328125
159375
151406
387916
360468
332656
310468
314219
302969
321459
311927
320105
309375
305000
314636
322031
352448
311198
177448
208021
353646
349896
330156
411198
430313
399115
398750
410573
408646
399635
421302
399583
444479
464636
267656
285886
365261
467395
460625
497812
328750
303854
621198
300938
285468
286093
2716875
292344
387344
349583
153333
132187
445157
347708
370156
317396
359636
316302
436355
323178
456250
309219
397968
319427
361458
202500
204271
175000
415209
406250
319167
298854
302709
298021
289219
301979
290729
294375
446093
462031
669740
468385
299166
128593
130209
318855
338021
312187
291875
294896
293958
289010
299427
296042
482604
483698
450417
245573
244271
268906
287708
485469
406250
339010
293854
311041
307917
302812
299583
303437
469427
522032
303334
166666
161979
138855
331093
319271
371250
308333
299636
335208
468594
468541
462656
468229
465157
494584
826406
447084
441718
440365
300156
246770
344063
347083
330469
330573
312136
295000
302865
291458
297552
346511
344895
158750
2717865
449375
381667
393386
324688
311875
303334
300729
301615
286198
307083
289739
311666
352188
148385
134427
132396
356302
336354
416094
312865
299010
386250
320521
295989
328854
310000
304739
313385
525104
325157
137760
144218
361615
340625
308698
299687
299791
327188
298959
294740
281511
297447
285209
308385
644740
363802
281041
220416
253281
297344
469635
310625
384323
299271
402813
299687
294218
317083
307968
289792
342396
375573
136771
120365
441562
321666
400573
311354
307553
290000
301667
290261
331823
301823
455938
471666
596614
300834
280677
276354
273958
246250
318906
332448
328073
294583
339635
299219
289167
304062
313386
485573
680052
447500
291823
142657
125729
125469
126927
2425677
345313
337552
322969
297135
352812
302396
297239
460521
718489
480677
547552
463177
355312
394584
340312
399063
378020
298750
306875
325729
315157
297969
293855
302604
413698
165104
155938
330885
393021
328281
380261
300573
296510
342969
294427
335000
296407
285156
289687
291511
708125
340469
128438
136458
298594
338750
345729
290000
298854
285886
287969
344636
341719
307448
538229
4827291
4033698
205104
145157
305260
135052
125208
318333
344583
351875
316198
293281
302239
312135
292084
297656
385938
312864
317657
144947
138698
365000
961719
325886
289062
298385
421354
285938
296510
285625
298750
458177
488125
483802
248490
232604
242240
260000
376406
384583
326198
300469
367968
299792
2315782
287604
326823
295364
302084
395208
171823
161979
415781
363125
415313
308073
307083
334427
305989
306667
299791
306250
295782
302812
408854
337240
345521
195417
190208
384219
421042
345052
308750
296562
302917
301146
308229
297239
301771
478229
493386
489323
402917
201406
181927
279323
155990
305989
337813
401302
290834
294427
296719
299062
306667
298958
609583
400989
358855
271823
284323
410364
380521
301406
295313
285990
305885
301718
288073
308959
290573
292292
348229
463906
252968
262604
268541
280937
356563
330781
353959
314947
310677
322188
300208
298542
478906
474062
325885
136927
125625
310782
440261
322813
348958
306927
300208
314583
362396
355052
350885
354323
352552
356146
4582552
381302
173541
231302
206667
185990
330833
330312
327552
319219
304740
295833
287135
334479
291198
305104
601979
305886
265052
248698
495364
397553
377969
314531
355782
307812
294218
292604
308958
435625
482552
477344
588959
332291
178437
225364
201875
169792
403959
326823
346823
279844
293073
308437
553282
466614
472187
493177
515625
311250
142031
135000
148541
202968
330677
344583
358437
360105
305260
304428
299584
301667
293281
299062
294844
304896
142448
123646
122760
333229
420364
309011
321198
321250
308489
290156
299011
387760
360417
360782
357864
458021
326980
212240
208177
339063
353385
301250
310052
301303
306615
309427
291458
507239
469739
512344
472188
271146
336459
170938
2650052
169167
499219
331927
319323
282448
300156
317239
302448
469323
464843
480833
475312
149948
141094
151927
133177
300833
519375
333802
320833
348750
293490
317135
295678
307396
302396
326771
362031
163334
154948
441302
394479
309896
318907
300989
310416
305156
306146
301094
287812
406250
419479
685313
547448
539531
253229
260990
213334
360625
386771
347656
307292
299322
292240
288750
286458
474948
494844
475886
518073
319166
127240
122396
127760
379896
334948
342916
448125
308125
375365
311615
292812
470625
464062
537344
483489
341979
128489
127708
147813
459791
353021
330208
300938
302709
306614
297761
300365
287448
430260
474636
293437
135052
132761
129896
118542
499896
353698
348229
2505729
363802
295156
307604
1423958
166771
161198
403385
168750
316302
2530521
1577864
160365
171719
187760
154427
156406
151875
152448
155208
203854
160521
158333
182032
196042
183385
210677
179218
161354
180729
172656
160677
161459
165520
174895
157604
160833
145730
163959
176302
172968
188073
171146
176041
170208
192292
176614
174531
175000
169792
164740
151823
153854
154948
161666
177500
187135
199010
172396
183802
175468
184791
169531
157500
154531
197031
158125
159688
161719
154948
170573
192813
189427
150781
165573
178438
166823
159635
164688
168646
168802
165730
167240
170156
173698
193854
215416
172240
159323
163698
188073
223802
162552
189219
172656
154427
155573
174427
162188
163594
1006823
154219
165885
156771
68854
215625
165052
164844
164895
167604
169219
167605
178698
166719
153698
163698
165625
157812
153906
186042
187187
196823
181302
174115
185678
178282
173594
170937
172552
171511
163542
172760
163229
172916
176667
178854
165105
186198
176927
161615
159323
166615
170938
158385
193698
163542
157448
177552
157969
160469
161875
169583
171458
510729
147187
147604
140260
172760
141667
142292
172552
142239
157395
143854
139739
170104
149480
180625
161354
178281
167552
193594
154167
179375
167865
156250
164896
152396
158073
144427
157500
146302
171146
174584
179479
209896
173125
