154323
54791
52344
155833
154792
135833
128490
144896
142604
131458
143177
142188
142917
135104
144062
140365
130105
150729
155989
177135
134427
145782
137917
196562
152604
174583
157396
132396
144010
127812
149167
239323
163177
155001
175104
171979
143333
237135
154062
126615
153646
160104
127500
143333
166927
151614
375416
130156
143645
133802
137187
147760
131354
160678
127865
155261
141146
159688
152552
104010
468907
91146
109115
164740
109895
158802
667448
133229
158334
102656
144792
168333
98802
246146
130781
104323
88802
119635
162657
116615
125312
136927
91354
156719
121198
173333
223073
9733907
68177
44114
119532
121146
129948
122240
145573
121458
125573
154375
134323
113073
142708
126719
130521
182813
130364
190990
142708
126875
125729
108802
155573
125365
130729
126927
120417
134114
120208
120573
126145
110052
128490
107709
104427
119531
117448
137396
1718438
249063
171979
100833
123126
138021
134167
143802
171146
141146
128073
91250
147344
119323
175364
123177
108750
128906
116667
140833
115572
135208
125364
101614
153646
127292
130677
109375
141094
123177
142865
141303
119323
129896
151667
147865
71302
125573
89219
194583
114010
208750
359688
300052
557552
225052
128490
110469
121719
130573
121563
120729
141042
191302
150208
150625
145573
254115
148906
137500
164531
169688
124375
163333
120886
119635
160000
126510
156198
120104
232239
225052
205260
242552
236875
240833
172136
123490
191354
481719
174688
365990
206980
153177
231980
196823
237032
174792
348386
780730
170729
359480
161823
249427
209166
608854
377396
87969
71822
233489
240833
822552
256407
208750
163542
182500
736510
183334
560885
170625
195625
177604
162344
185208
177865
210625
216250
204948
179271
271875
217084
244531
186250
190000
114532
316614
175105
206146
269844
318125
205104
84844
253750
236146
231354
349532
216823
231406
224791
152240
250156
281771
186615
256615
149896
176614
292917
215001
216875
365365
75104
189167
191198
199427
306615
192708
78802
157344
206041
200573
207917
359584
237292
196510
216302
204010
195052
186355
263959
528542
229791
123906
218437
185364
232968
186511
185052
163802
164063
186615
159844
155521
165416
194896
143854
153229
142500
121355
166042
214063
155572
155417
113594
241666
137552
161198
137968
168125
169636
169739
156511
133281
201354
201146
160625
48385
172447
181511
188490
212552
167135
213178
209740
402605
202292
204479
212395
162240
247187
158490
187188
177604
149375
156823
161980
143021
167865
188229
176510
146667
59271
179063
236771
440313
189063
442500
192760
61771
220573
254323
237760
206406
6428230
102552
297188
83958
175000
164115
136614
168541
149479
156875
243177
176302
171875
210938
194271
238698
110938
222344
210000
200782
222084
191406
169896
124271
201510
166094
178959
246822
162395
151562
146511
164740
212239
176407
190104
232395
96354
227812
192708
465000
214271
237448
269063
411928
208906
444115
235625
260209
228125
241770
379323
218073
248333
215157
250625
228854
180885
239636
150416
189219
664531
192813
178385
162448
196979
190625
249167
268073
183021
218646
153959
159427
155729
151562
487864
167136
147605
157187
165261
165364
156666
440521
207187
161875
158645
158021
157917
292396
227031
204427
180260
203489
855782
139843
231354
221666
157187
60365
152396
200521
1682084
253282
178125
159791
179740
153385
177968
186146
203698
245000
253177
190468
202500
185469
371198
253802
81354
232864
195156
198489
188230
191823
198385
94271
196875
153698
137136
347917
166823
231563
165989
240834
387135
266145
465000
253177
248437
80834
296510
207239
224010
227083
340260
197448
179844
230209
347083
205417
302136
196406
202032
252032
217813
205677
205000
193802
263021
240000
231823
285469
341406
266250
205573
252917
262292
234896
242344
247552
231979
186719
339271
231615
234635
276198
261042
399115
203958
225364
233177
200364
191563
272239
309063
295520
740313
592500
225365
201823
392448
209532
177344
202917
167396
216979
222344
336927
173020
208230
541250
964792
153542
260886
165833
190677
126458
190938
207709
215781
281615
170313
285729
187552
183229
2162761
789375
188281
184896
287605
205781
215572
188698
222812
297761
179583
244375
211562
273646
228437
656094
212917
194166
249792
221146
271510
227657
263229
198385
184479
236979
176979
196667
175781
350937
181302
176302
219948
185937
211562
210468
335208
217291
195157
213333
161823
224740
310833
199114
218594
202448
232344
407239
298125
335000
261250
246251
225157
273959
187135
619479
185364
190834
230521
192969
194323
183281
232188
182239
168072
188697
188125
179427
144844
256615
175990
370469
179375
216562
191666
159792
269271
174740
111823
201927
207969
180417
553438
198385
213333
642188
193021
303020
191771
292448
202761
208073
249323
164792
416823
230677
208282
169740
218698
216718
225730
229740
240156
302187
191719
210364
213125
170000
281927
518594
386510
198646
156459
44427
280365
216771
261250
163177
173438
210052
216041
643229
197187
162708
196458
219583
199688
258438
170990
393594
190052
164896
197187
144010
199479
178802
195521
179114
227864
202240
194895
267864
222291
243490
176146
205000
173177
203698
193125
1545208
336979
281250
205000
369375
427239
227761
355989
214479
192291
164115
217917
216719
197031
218178
156041
163646
191771
183750
192344
222604
188698
185782
189375
202813
214948
198645
1045052
217864
213646
182656
224791
254323
200313
954584
195313
192656
206980
176146
367969
200364
245521
191719
198542
212395
215156
221979
266355
192448
227656
208125
262761
395260
193229
240052
343229
47500
257292
162188
209219
184115
609010
213750
144375
192448
238386
189531
248021
472864
182084
160105
207865
389271
203646
1191042
283646
197552
312239
219323
231770
142031
993178
195573
167813
292760
303385
244219
341615
240416
205313
197969
265521
217709
243907
259115
235468
218959
319271
222656
380521
214635
251563
220833
251615
107083
302969
205312
185729
210312
187135
199323
172291
370052
182917
156927
282761
166563
165573
179531
206875
213386
402709
264166
79323
195469
198177
200417
207135
220677
338906
176146
191407
196198
218958
225104
190365
325260
173438
200105
293021
220052
254948
223698
194115
155573
183594
231510
172292
267708
238073
262031
197395
194479
237552
168698
201928
177968
279948
1130104
232760
194948
212396
214740
257865
203958
238750
488855
234479
411406
240625
179531
165208
184062
269896
190000
214375
187344
340677
211355
307604
192813
148281
159792
181666
125416
171198
135208
178386
176718
173334
194635
165729
196406
221146
181875
217032
187969
158646
210312
211250
226615
163698
249427
175104
170781
196042
187812
160365
447448
425729
167344
204167
262760
255313
190729
1644428
294740
226041
191406
217761
275000
180104
240573
181198
200052
201667
199635
228542
180261
336407
211354
58177
177292
207344
189166
642709
482969
226980
227969
196511
229115
214843
334583
212709
190365
221875
207969
248178
188281
252239
506251
75416
223333
240157
227344
1142865
236875
231041
164270
164375
198020
231875
204948
172084
157135
133385
177240
207865
245208
170885
209896
96771
263490
205312
248646
336510
194531
211979
218854
175104
198177
158698
183646
161146
171511
200157
261406
331146
315730
144114
139948
163177
654271
185729
159375
170833
148541
169115
182344
155990
203594
120312
185937
396667
207500
192032
195521
166459
150833
184167
159896
71250
149479
249428
147864
252864
232083
70052
235677
223490
204740
229114
205677
220104
235834
174219
228125
181094
303594
207136
277396
201614
180209
645834
137604
125468
306563
172500
159114
107031
1148178
178230
167552
168125
132917
160052
168073
199427
840209
210781
185990
81407
210885
1438281
157604
215989
101771
90521
134896
147083
159167
149948
212552
74010
165625
211823
223541
276823
376042
249844
558542
215625
171979
188906
350781
180521
227917
1885261
169479
295729
199740
207916
166354
229115
175729
173906
175208
177656
272448
255156
372031
210625
134844
187709
588906
208958
247291
175000
204688
246771
187135
202291
157604
176303
186875
219844
201042
290104
174479
307865
172344
169531
154740
190417
363073
526354
439636
197395
102291
223594
165937
175312
171198
188333
194531
122604
198177
186719
181927
188021
199166
176927
182708
148333
200521
189271
284687
168698
137396
120052
136355
174427
154739
142500
228959
120938
126667
164584
243073
207032
277500
187552
330729
214792
252813
214531
190365
202240
207604
202344
226041
588958
194844
876198
187448
183594
211615
237032
222135
216093
233802
203698
212188
247395
269219
270781
212239
225365
186979
170937
211146
146667
251771
167448
306406
208906
156354
193334
192239
246875
178750
189323
157605
188490
175364
194375
212656
165520
173803
189166
180417
230833
198177
255052
181041
209792
170156
176667
258542
242135
183646
173959
183073
241302
158333
201406
163177
195989
191042
158490
203750
207812
192761
219844
181094
200833
100990
237708
156563
375000
208906
243906
1034063
232604
252396
576250
259010
248802
217969
211459
219687
187084
376928
217396
233854
199480
222760
227188
212708
260105
196927
208438
213490
194948
192604
175000
256407
641511
436666
592865
54011
344218
149740
176771
211980
188958
174739
172135
182812
202240
279166
175208
172344
167083
200625
195157
210364
177083
175052
145990
113021
165521
242812
183646
197396
248490
201250
138541
202916
212084
230104
261979
208802
202188
220417
327656
115573
234167
207500
182344
190886
223646
172135
231302
486459
224531
263698
227969
215261
201823
212031
216406
168802
232605
194323
191927
280937
214583
218334
210572
262343
231198
223906
238646
273282
365416
359844
64635
297188
546667
354843
663385
254636
200781
198489
192344
185886
227031
196198
186822
320885
175104
205573
185365
211667
192917
208646
201355
172500
217291
215521
251718
185260
194010
226980
175885
336042
182760
199427
177083
181979
184114
196042
185156
218907
171406
220469
184948
210729
331615
175625
221198
218646
226770
228646
265416
284584
215625
244791
188177
190520
204792
236562
216354
215677
261771
192344
183907
236927
244167
217552
455052
184219
782083
80989
285365
275000
247187
225209
212812
172292
129791
179896
218593
195521
221302
183177
795156
241198
265677
399010
500625
209531
244271
250417
206041
237500
136614
418229
278750
198490
196093
180156
284792
220208
201822
445052
280417
220730
154323
205729
228229
282708
234791
252969
265573
713385
270416
294531
228750
243438
178125
232292
244844
456354
452552
194375
184427
209167
234740
228646
178177
204843
198854
247240
246614
191771
275053
287032
257917
225365
301615
194167
307187
218385
490208
211562
181042
252656
182916
567500
192396
198854
247552
216927
234115
185938
298646
191770
265157
250000
246146
291302
595729
189948
412605
207395
190208
224063
190468
212812
619427
1014062
219323
222239
213386
239166
206250
574323
449271
525104
102968
252031
599010
226719
579062
224583
229583
243802
182239
592916
210052
346927
247709
162968
306146
227292
271719
195781
259166
348177
144895
252604
271875
249844
656979
665677
237292
815677
246354
226979
204948
239844
217448
232656
192032
238541
425573
449480
226927
211302
419948
221771
348958
212656
298437
225834
312396
201823
222657
371407
201354
217656
312240
210260
273698
355781
235365
511563
529011
247031
234011
355052
379375
224635
251615
206614
216198
254271
196927
231875
208177
315885
209739
303594
223229
247865
251510
388802
273802
312552
309011
510104
482656
206823
284532
198698
206302
291459
215260
222656
219636
950260
195209
271041
217969
268802
247448
202865
269166
188542
202813
213073
468073
195313
243646
250052
159271
199062
189114
292813
202917
203802
584219
197136
206093
363698
245521
229219
361302
230521
158073
235104
213334
215156
251927
190989
204844
230052
326093
248125
215625
374948
239792
70938
247135
306406
219687
283281
189166
193281
191459
181822
226354
163282
221927
217031
222865
209063
184115
277343
205833
229063
237812
214271
232604
242396
262291
418802
431875
218229
199479
252032
238229
279063
271093
248750
358906
220209
205781
336510
297343
502761
220886
196093
257188
161563
216979
330625
215365
276407
72969
200937
214843
212292
220000
211197
190208
212761
221875
207187
206094
206927
343698
226615
221093
170833
351407
252500
394948
247812
235104
246458
646406
288542
253177
217708
375417
210156
698593
232500
205312
214219
66303
243020
285052
1096718
316823
271510
204896
54479
143646
226719
190417
176354
323802
251927
256980
260000
204323
196511
263593
436406
243698
269011
110938
170938
254271
281667
234115
195052
209323
198802
313802
350104
181875
210573
200729
223646
267291
220000
230468
265521
414531
450052
513854
181979
340261
886615
569740
254948
246614
426094
207136
316875
393802
314480
250053
299375
267240
570364
301145
444687
237031
297344
232083
293386
211250
476458
205469
319948
250521
207084
643751
247760
637553
745208
262552
104167
224323
314531
300104
290573
297344
279844
85000
227344
228854
221146
193906
202708
194792
208282
169688
211459
246980
191562
205782
222344
250521
225156
229896
646042
570052
236354
180261
244375
359791
217292
265625
178907
193438
242239
233229
277500
311667
211042
218646
220104
203021
228645
215313
227917
192136
198282
238334
174792
203958
167239
312135
216041
194948
164271
178646
178646
166094
451511
187813
122813
244322
209427
176875
229739
189843
318438
468958
340781
375573
322968
312916
288021
322448
298854
279375
293073
346980
253855
183490
210417
189844
254271
214479
256041
181615
201198
213073
226250
199583
264375
257448
243490
253125
241406
240886
338177
221823
250729
332136
219427
240729
217761
259636
274115
260886
234948
246146
231823
205521
221510
242448
205937
239271
166093
265678
274114
335105
283594
644063
224583
208750
204531
218281
200626
648593
235729
324115
432812
214323
237291
235000
282344
207604
240365
191459
208125
185052
203750
184532
188125
185365
154896
185052
219688
174115
248281
196822
194271
176302
218750
239635
190312
248750
231406
228438
414584
237813
279114
202031
265000
175104
222135
321198
198177
288333
224219
182968
374843
300000
233490
207240
274375
248490
206302
206823
209480
237136
190209
226511
156197
162604
179427
670677
201458
414687
187708
296875
260521
283542
253958
186875
174271
235781
163907
235000
141354
180157
191927
211406
183594
190990
197500
196875
221041
141615
471198
173802
197240
160625
381927
156927
178229
160782
154895
190105
144271
167552
2211094
363541
225365
102813
232396
191355
220782
860886
365937
279115
280573
235365
292656
229167
1127552
194375
199427
306875
232709
238958
210989
328073
264791
369115
236042
196771
269115
219271
469428
214792
231093
193125
206146
339844
226302
234739
189947
158802
191615
318229
232187
232188
267969
295000
280052
249791
254739
235833
571094
237552
119167
334584
190417
272084
236875
569896
164792
160625
197344
158594
199531
209844
197031
364427
241719
237657
242188
219479
265521
724896
405833
319791
1037188
248802
260364
237136
331250
240677
237396
302500
191771
264948
220416
207500
203698
242500
389010
168750
269531
177552
196093
201094
164062
221771
187136
222709
200521
156198
209479
208906
261771
231093
185677
199114
165365
227865
227552
274687
289114
184010
201979
208490
206823
255521
154167
203906
224896
226093
242031
224792
293854
271770
177500
226823
148698
287604
193385
287865
300365
212656
197396
127500
238438
267709
214531
247865
223594
196771
235312
191614
221407
1565365
193333
200416
194271
209115
245260
196250
225989
195625
177969
218125
218333
238698
176094
232865
177500
147396
268229
186250
194584
234427
239739
196979
148854
199114
200416
199166
273490
219531
203021
171823
222292
255417
263907
734479
221875
183594
174896
228803
261146
147448
213854
187552
158958
224635
195989
227240
291250
232917
172344
171250
207188
248750
199687
378177
188698
183125
168854
206354
234687
195677
287083
286198
199948
190312
297344
245520
198490
253542
201406
185364
225990
330677
212604
229479
247709
229844
254427
223854
249948
180573
387656
197343
212500
191146
276927
211198
174427
205833
209948
210365
178698
188021
201667
234896
688334
213594
114115
159115
303959
234479
266510
241719
222864
174427
222031
288802
270052
245885
200573
201355
235312
249323
308854
157344
241145
224219
157656
207187
225938
216823
255261
221510
376823
124947
253385
273542
380469
511927
756459
473750
451667
241562
254167
279948
240104
215781
203906
216719
577604
230729
164844
450521
263594
455468
216667
243750
205052
242760
376302
210938
251510
187708
199271
204010
179167
187396
643021
189896
228385
239896
1020156
218646
218229
159895
198333
315937
258385
212188
179115
179687
155833
188334
266771
257396
334063
236615
203073
374583
300782
219740
199531
212969
214219
271927
237031
275468
211041
216667
218594
220573
267083
235312
358958
258230
316875
325729
286771
98541
222292
317031
184843
228594
208437
285521
203542
287239
294948
176198
514219
203646
185104
198282
226562
220156
155834
297396
202604
183906
232709
327239
205833
432135
321354
139219
207031
230833
240000
661719
232396
275937
119948
243958
610677
165573
212917
225469
229792
154948
207865
205677
203854
231510
1829792
195208
211562
195677
283802
215938
205104
270625
201563
228177
170052
269896
369479
196406
198698
204792
216093
213698
200677
275052
214010
198750
159635
187657
216927
204322
373073
199114
249479
258177
220782
290885
187553
281458
225989
201354
210312
197135
220312
196198
207396
278490
67291
202344
214375
240156
775104
222344
219010
202812
228281
204635
235937
192396
192344
308177
172396
430468
202500
380000
180677
148698
216979
193437
326458
227969
291198
296198
156146
229114
260209
222135
219167
200678
196875
121771
219219
506250
205261
238073
227969
222969
175521
221094
196979
183490
229271
289375
217708
136407
349896
199844
835365
174687
204844
59063
196198
223073
183073
255521
524271
224010
266094
199740
320365
246927
253542
264428
255000
243594
244427
323125
232084
280521
229740
230104
244635
203958
220937
249375
505313
196823
205729
201823
246511
265365
255364
311042
338698
183125
281198
266562
227031
485053
208334
221928
195573
226979
218698
280521
242604
225156
248854
237448
205000
485678
644271
247604
282239
304323
93698
579687
609323
590156
260104
233333
246770
246927
295573
259427
360313
221094
573385
75261
215469
271979
218489
691927
401667
182709
222760
195052
249531
287552
533802
1065208
187969
474167
227552
241927
388437
252188
206250
346823
207761
221094
199271
260157
311980
195521
207708
214740
216302
310417
303437
265416
286302
272552
448698
441562
1356094
196303
226250
149010
205886
166771
255416
266458
223594
203959
246770
166979
230468
202657
228281
219844
122032
209062
206875
318281
1250886
250521
211875
68020
219843
271875
283907
380573
228907
229739
113177
269167
256094
220104
238281
208333
340625
241875
176511
233125
189062
588385
187604
358854
203646
200521
223907
1218542
236771
252657
165469
210052
299792
248073
525313
404948
191979
305573
207865
247031
233386
234584
199375
178229
242448
215365
285261
240677
206979
258437
225573
156615
237917
197552
334167
249375
201510
316875
197292
202500
249271
208593
200312
208490
217344
218281
223959
262709
199532
212136
281615
244896
245729
233281
438333
215468
250052
223125
203177
229896
185417
247968
220416
195209
242239
175469
310364
229531
213854
204115
222917
272396
174948
215469
301354
301406
247605
198698
257709
254844
226562
251354
197291
224792
213750
287552
268906
307708
314740
196302
214114
296250
187656
254115
681875
289115
251093
231146
270938
265886
319114
1017916
246719
384115
407708
505104
281250
487968
278385
432448
258073
418855
237396
731979
1708593
268594
228907
94115
223282
289115
268177
241719
220156
219219
315885
277552
276459
192917
258385
188438
231406
237969
195313
205417
184531
197343
205208
184166
254375
225989
230625
230834
242656
220730
227760
252552
198282
253281
239583
250417
217761
266146
191198
301875
232969
478281
881511
178854
200729
243438
203959
240417
171875
184323
183541
202343
202135
193906
189583
240260
170781
186615
216875
175886
177656
1019011
163334
177605
204635
144740
193646
866823
197292
186823
199740
207969
245417
180417
324479
185157
173438
431771
214323
201406
221407
423073
250729
292812
191458
188177
234792
181927
203073
203750
218855
209219
172240
208958
155052
167969
212240
184115
186354
270104
191875
310885
195833
248281
155156
245365
299427
163073
728541
196146
178125
203020
219531
211354
194687
183906
184271
154063
226146
224688
180521
268177
214219
182448
191875
190521
198854
172813
434480
236927
177084
200937
195313
222135
207448
184010
127916
204218
183177
334479
183646
241094
179375
177344
234792
200990
543594
194896
205937
211042
194062
191875
227448
509375
164896
183438
209844
198438
200365
218282
743698
219167
213385
182448
142916
217969
138489
512708
241041
206145
192031
207812
180937
641146
195677
283281
270104
209739
187917
191303
190677
203698
197292
188333
156146
197969
147656
258334
198281
190364
224584
217656
218698
230521
265625
296927
257396
201198
180000
244948
235833
154375
189896
183126
182031
189323
207813
206770
171511
198437
186093
212864
222396
307657
212917
826511
175677
193281
132865
222396
202240
294584
1051771
195573
295989
183854
292709
167135
247136
200729
183229
165937
314584
314271
190678
297761
188906
244479
190781
173854
189636
165469
206823
163437
180781
232813
143386
197500
161511
132552
