8624406
8609146
8457532
8959095
9437221
8601075
10055086
8149774
8382327
7866234
9553578
7697328
8208110
8039881
7465142
10876966
8741081
7787123
8672957
18992646
14210511
9308167
7215042
8405355
7519106
8312179
10440357
6815253
8054993
6585254
7600775
6485046
7575516
9932496
6420360
7688017
7589789
7411404
7453488
7291769
8274582
7189374
6920625
6992813
7102970
7197866
6670679
6632867
6669430
6469170
6911306
6292192
7080369
9921256
6245735
7726569
6310736
6072872
5894070
6135633
7523186
5655426
6214541
9688865
9676053
11110637
10832460
9391211
10107774
9047097
8919962
8996056
9042775
9132307
8526995
8763975
8287406
8297407
8038189
12616158
8452356
7985065
7832878
7796681
8103452
8169963
10903870
8608401
7503402
7446319
8192882
8303768
8704810
9577259
7187207
7096114
7334604
7369656
7870438
7850647
8125908
7657679
6576846
6465128
6799139
6633514
6884244
11777370
6894714
10313308
7541538
7107736
8539716
10463883
7057790
10518155
6943520
7400968
6625500
7767428
8277845
6440501
6596335
6559409
6495555
6353993
7887275
6586598
6062328
6119985
6711808
5954777
5853007
6570924
6194050
5783373
6419780
9432281
9295614
10140198
9353115
9163376
10050252
9115200
8897388
9812545
8877493
8402129
8310203
8827286
8287183
8082600
9497965
11930830
8227862
7813591
7762446
7876665
7706978
9050573
9731875
7700261
7373491
7434533
7581669
7694899
8111045
8051306
6996619
7047609
7364901
7126412
6709016
7712611
7902403
6438393
6617143
6422977
6590894
6249801
12720427
7940688
7494751
7225324
7301835
7154492
8199024
11864389
7304181
7523921
6827984
6980380
6622672
7154808
7841892
6509184
6592831
6451268
6379602
6427103
6497312
6828458
6189083
6175438
6074345
6035856
6382783
6111378
6163149
5577368
9312942
9284557
9247787
9290548
9220965
13187841
11951643
9547373
9586175
10330811
9011697
12690864
8963937
9853938
8734980
8975397
10755502
12805815
9015503
8511128
9038681
8525556
8388057
8477849
8440818
10620194
7989048
8007591
8154779
8397019
9310509
20185927
15775771
10941709
7696709
7854470
9196033
8640460
7214159
8719315
7073378
7342858
7074004
7385828
6568589
7830933
7720361
7946871
7642601
7783070
7990883
7904842
8706041
7492343
7285104
7191771
6891355
8114949
11278752
6850679
6936253
6734430
6483493
6824067
6401828
11068652
6415995
6451673
6702767
6525268
6483497
6440633
9575061
10083812
8792718
8998552
10814542
10005428
13223502
9764596
9407409
9231784
8937201
19957359
15477880
10915276
11593714
8276579
8744548
8501215
17605123
12868300
9272415
8735801
9036895
8177833
13230594
11241063
12845179
8988252
8558148
8023096
10410180
11627889
10098827
14259141
9615599
7607683
12778934
11278101
9844038
9049872
9962321
7185498
11982061
11121020
9111333
9261386
10226386
7832168
15334825
12770815
11753888
11259305
11525816
11173109
11883786
9661495
8522329
7356131
8379309
7212747
14162383
12171029
10848530
10343686
8082176
7394000
10298844
12950980
8144365
7000877
6299783
5892804
6643170
11338223
11681504
9889421
9977807
8698485
9857704
15056664
12248643
11350102
9678383
9219894
9516353
17091302
15053750
13705469
12498595
10361251
9262710
19575993
15794170
10977815
10379118
8898285
9629067
8345630
16173704
18998341
14266674
10725580
9270789
10252717
8080321
8349332
9981364
13324229
8700688
7706626
8681626
7046158
8293763
7112669
7151107
7146837
6717306
7154025
6915588
8375537
11911996
7659652
7748038
9858612
7962310
7556373
7783145
11518614
6842156
6993771
8494657
6985230
7305023
7139138
8425076
6780232
6529920
6665598
6406223
6841328
12894767
8225444
6477788
6220705
6634924
6304560
6735863
11253155
10119197
10224875
10077219
9827793
11019772
9476804
12845399
9637638
9622587
9418004
9343681
9464880
9188735
10484621
8789256
8728476
8981445
9538425
9813581
10650249
9129780
9247541
10387125
8549313
8491605
8339626
10266137
7967127
7564940
9200462
7509004
8582859
11172859
8013432
7105308
7018485
7425830
6951820
7197289
9678644
7247238
6711145
6878437
6573489
8195313
7673855
10575418
7551166
7799031
8695125
7853303
8315074
7632679
14916222
10146534
7018461
7196274
6770910
7663098
10531016
7968881
6974506
6775809
6556174
6510966
6943050
6371644
8819978
6360916
6046749
6231437
5939563
14744252
10149148
9384513
10364461
9769410
9883316
11683369
13112797
8558109
9068214
9384465
8932746
9439257
9126445
12539727
9145405
8911811
9229312
9184469
9889105
8761657
14015877
9351866
8483013
8672701
9081868
9663483
8356869
9615880
7863224
7927495
8596194
8150517
7980934
7805883
9445362
7792498
7444217
8459010
7565416
7879688
6939115
9769064
7098700
7025627
7841201
8638389
8093441
10507452
8001046
7457453
7958287
7633444
8245319
7635476
9658185
7756154
6934592
7353551
7601051
7280531
7351886
7574074
6834439
6366158
7267825
6652201
6629284
6340952
6582462
6527619
6290536
6215849
9337673
12421684
9831372
8787987
9606946
8598561
8529655
9311739
10604188
9610073
10100126
10937158
9245127
10110492
9631430
12609243
9046327
8646848
9465911
8904089
9347839
8474350
12343153
10561643
8127112
8503883
8697894
8261645
8112166
10120031
7828938
7623418
9471179
8027794
8455346
11261493
9949306
7440348
8627952
7571703
7825193
9990610
7703788
8506757
7267851
8821133
9433008
8371863
8180614
8747593
8464417
7690042
7694053
7321606
7928950
10906711
8042024
7058222
6997077
7147286
6987078
7318537
6920152
7225881
7001507
6529007
6513851
6651300
7068853
7753020
6574010
6196614
6255834
6862761
9000939
12705836
10847971
9892086
10163649
9660994
9888494
9809641
12522766
9975423
9333861
9603809
9128497
9433185
9128915
10980218
8954385
9264645
9152979
8348240
9284751
12289908
9231419
8294180
8133451
9106108
8133660
8279286
10736474
8297985
7813141
7869600
7916892
8328247
7825904
9188561
8301842
7540541
7595802
7323875
7976323
7027209
8071949
7968877
6995648
6760805
9012056
7905285
7754348
8930286
7602683
8082891
8066329
7472528
7684091
10666435
7983988
7247582
6827114
6798885
8827479
7541803
16908679
12188262
7414200
8219461
6333003
10700087
6803473
8039723
6070297
6353839
6560089
5955142
10521028
10838581
12178165
9880821
10084363
9607697
10276031
8351969
8404001
9465408
9055148
9255252
9338742
9903482
9092025
9849213
9249265
9024891
8544110
8721819
8476142
8359007
11030102
8877654
8353592
8372342
9013437
8489010
15868126
11260730
10007241
8108700
8279325
8552451
7991097
10499223
9583650
7903286
7921724
7108495
10566308
6527507
6830892
7760424
7058654
7851415
8158395
8402249
11073031
9235011
7526365
7476991
7624648
8109961
8570326
10602149
7819962
7059546
7313348
7031786
7454547
7366162
8277361
8761684
6601372
6736477
6431686
7641999
7587780
9621323
7397886
6336740
6361637
10874710
9282211
12492837
10731587
9671066
9572942
9585286
10296485
14462111
9885131
9623413
9342684
9470081
9293258
9900134
12838937
8900551
8806594
8806125
8967532
12112168
9267846
9992273
8018992
8204305
8292639
7750140
9443838
8021859
9271339
8648111
7611653
8037539
7712956
7763685
11284155
7610040
7564208
7668219
7720511
8209313
7894887
11058273
7198898
7258169
7020930
8125514
9159369
7913901
7934734
9499162
8266923
8102444
7123122
8913591
7848904
10525467
6831249
6800676
7138802
8285209
9627814
7800731
7672189
7135315
6384430
6577034
6236670
7938806
9772557
6526307
6350214
5950006
10024590
11344122
15110686
10531519
10205894
9640114
8781260
9713344
10316329
9337475
9606173
9306434
8844768
9112842
10012061
9099665
9886229
8583468
9149979
8967011
8525814
8331179
8465867
8242638
7916909
8339358
8357900
7950869
10271443
8539464
8590246
9230976
7901757
8136445
7771550
8254154
7436499
7503478
9640823
7743271
7403063
7047595
7585095
6939731
8181503
7270097
8259472
11037234
9745151
7908797
10800985
7417392
7588434
7742288
7087185
7866925
7257863
9303853
6969582
6950989
6992031
6550886
6912032
9337294
6377138
8970680
6178441
6223597
6474015
7737973
9394172
5897037
6359225
9103184
9908028
9248393
12869436
8737457
9575218
9588916
8489958
8311417
9520116
11099700
9213606
8949179
9275326
9027045
8588868
9508973
9281682
8597620
8614652
9197256
8343715
8856632
9703143
12085436
8477728
8212988
8299551
7913458
9075959
7889970
7858876
9101533
8041586
7691482
7358982
7994920
12470807
7750078
7619349
7439558
6981694
7736694
7798361
9081018
6626852
7836175
7911228
8273104
8609354
7646802
8069928
7525762
7475033
7794304
7191284
7492587
12262483
7888786
9746703
7576130
7442329
6794152
7723996
6688216
7110977
6692487
6342905
6238686
6556395
8864260
10373376
6169053
5787803
12549419
10769888
10328847
13172337
8975514
9635202
8622495
8431974
9716871
13285830
12515362
9815362
9268331
9290623
9049009
12437187
12917031
10875521
9116823
8672449
8885679
12859325
11050003
11307347
9141358
8252973
7781567
10683911
11204485
8969798
10822142
7734486
7331205
11880633
9568238
10076624
7731155
8486781
7109385
11375532
9246834
8194231
7381210
11599128
6823867
14129546
13427827
11184026
13806735
13401371
8706944
12249028
10168663
8164445
7600123
7463769
7153926
13496218
14033458
12069709
9915386
8042157
7694293
7389710
13613670
11900753
12030337
10121015
8243359
7435442
13544714
12727059
10819038
8585965
10159872
9941227
14550499
13103728
12136593
11635760
11473417
11186855
15300398
19765034
15025242
14081337
11377535
11009150
21716964
17383735
12519411
10396079
9323319
8735038
8626497
20281134
15564259
12470926
10368843
11021552
11053062
9094104
7943584
8130199
8236189
8340148
7553117
7573691
7660774
7767025
8001192
10096662
7056922
7872756
7146038
7147913
7326403
7954269
8151613
7761874
8032916
7512552
7515365
7462813
10904741
7487241
7240158
7554013
7429795
8603702
7456671
8917713
7390109
6810318
7014746
6908184
7979538
6469539
7488914
6419592
7978759
6556624
6390270
6446000
9378449
6192824
6025897
10057357
9195534
10333451
15532984
10841734
9784078
10060068
9549548
9278767
10047309
12706685
8800539
9363456
9254759
9025801
9039812
9481896
9566532
9037470
8883043
8823356
8365856
9208722
8797264
10762785
8140390
7841744
7809714
7570808
8892006
10769142
7728882
7516799
7836487
7685290
8306488
7875291
7434562
8919459
7534667
8504095
7430137
7054825
8555086
10978577
6828108
7746390
8617276
7673318
8378683
7802121
10820351
7434674
8188945
8978165
7557905
9189728
8289312
7115406
7269209
6725667
7768585
7034679
7445044
6599680
6731087
6518847
6120202
6621557
6387495
6424735
9839736
5971038
5966038
9822654
9762290
11154842
12727708
9758593
10866198
11222553
9644064
9387085
9265992
9274325
9154118
9054795
10953494
9114484
9592297
8831308
11059485
8854486
8364955
8475528
8421154
9381415
8205842
9071051
8649333
8065896
8549803
8125480
8118606
11650846
7885742
7609701
7404441
7638139
7355171
8211317
10923506
7123870
7265590
7048904
7118332
7042082
7526458
8546458
9827344
7752553
8527345
8148752
8785836
8221201
11378441
7401150
7308858
7744796
7278755
7977662
7160162
8369851
7178236
6719435
7112612
6690165
7014905
6535426
7042198
6427094
6528084
6672980
8973033
6173815
10913451
6614805
9781994
8943921
8661005
9397255
12088298
9650486
8733351
11357206
9835643
9415488
9216530
11712520
9375281
9002156
9563667
9917887
9194814
8836377
10577315
8183305
8414243
8612004
8526015
8685807
9313568
13345861
8619663
7977424
8816903
8168102
9136227
10977738
8165134
7473989
7489927
7978261
9295345
7772637
8305398
7397898
6993836
6900243
7274879
7910400
9256703
8448422
7824464
7571548
8520507
7606237
8350300
7440717
10846290
7723426
7088166
7340771
7181188
7458532
7238429
7670669
7051607
6662284
7136191
6776868
6736765
14435360
9880152
7970516
7093850
7115049
8199268
6438747
9397290
10036301
8816041
10369114
11456459
8820834
10647658
8956408
9390419
9630836
9330784
9854014
9192712
10061619
8963286
8819485
10130840
8865163
9776570
8835268
11998238
8721779
8295426
9594020
9122302
9041209
8502928
8372824
8428658
8938554
8944909
8174284
8107462
9917671
7901890
10489078
8442568
7667985
8288298
7413976
9275331
7442831
7393561
7433717
7914603
7413354
9025438
10433720
7797001
7561950
8265700
7510388
7801795
9318566
7205285
7470598
7017161
7050756
7409246
7648100
12020810
7943987
6876487
6726748
7306332
6620603
6844302
9227271
6318053
6151855
6394252
6153887
7798628
6096388
10140973
9292848
9011494
8824672
10061912
10065142
11039153
10153059
8481133
12534832
9393009
10793999
9645979
12656500
9265459
8995147
9845303
8829002
9289732
10243795
10208639
8978118
8377233
8328901
8352651
8894058
12172757
9344215
8382861
8398539
8225571
9015832
8310728
12282968
8143906
7708750
7956251
7489585
8710471
7894169
7235524
7537920
6945472
7458442
6494692
7037766
8049641
9344746
8025684
7675788
8353549
10786779
8584436
9938030
10169489
7316260
7029959
7249022
8760481
7895846
7807773
10486732
7041889
6762045
6459702
7305380
6855745
7074808
7180381
6523142
6896163
6135383
7154185
6100957
9026582
8747052
9384604
8754917
11118459
10036377
10958148
9453148
9504295
9799504
9590650
9302734
12781849
9808412
9104141
9332111
9374142
9900080
9364508
13000134
8622478
8706280
8906802
8684562
8770084
8682949
8577741
8954617
8177586
8408993
8114826
8714775
11450817
7605401
7982276
8041756
8024569
7374986
7634987
11464935
7698790
7435717
7066655
6998791
8282125
8218636
12165564
9493950
7906971
8238221
7431138
7639264
7653014
9759942
7256140
7169735
7599058
7336558
8094372
6938278
7328279
6813852
6749009
6824530
6799479
6760885
8786719
7813595
6422501
6488543
6152450
7268284
5900680
9059848
10150838
10485839
9063599
9556881
8982871
12355789
10548445
9534904
8661623
9364176
9745322
9203604
12421313
13271626
9176105
9214283
9156367
9048607
9102566
8695743
8917827
8339494
8550745
9362516
9243350
8748246
10267413
9405435
9331633
8006269
8185019
8314447
8156479
7910385
7744813
7738980
7056272
8587419
7331898
6978722
8404660
7674973
7217629
6882786
7502006
6870287
7699298
7756226
8078883
7552893
9117738
8554249
9130291
7428052
7592115
7417011
6910501
7654356
8243054
7418992
7062743
7193837
7057952
6581025
7809255
10140922
6652329
6436027
6565038
6683164
6481602
6148269
8799936
9866566
10127036
9995161
8927557
10366568
14245736
9560319
10519487
9849956
9339592
10336988
9264541
11531260
9103135
8862407
9331157
9142876
8814596
9661888
8875638
8389024
8646993
9088088
8582359
8856578
8482881
9317204
8183142
8237986
8274081
8183404
8126842
8030853
8318249
7812989
7750125
7851740
8124033
7800387
11109555
9002263
9138462
7925754
8349713
7361640
7154661
7566954
7605756
7922996
7594351
9168779
7793362
12345915
7696801
7238260
7212896
7373781
7450605
7130085
8346908
6837533
6635346
7423316
6817743
7438629
7340973
8272380
6390558
6232069
6312225
6155663
7054935
6388998
8608426
8783739
9223739
8918635
9129261
14081658
13192127
10987752
12383899
9707857
9391816
18190203
13480619
10822391
10839787
11418590
8986142
9712705
17732758
12990623
8977498
8857655
10758280
8426666
11802813
9555469
10199532
8411251
8184741
8385575
13813910
11648858
10350733
12140421
7773859
7591776
12031048
11505267
9505267
7722455
7311362
7406102
14125218
13338343
12236833
9275323
11086834
8193188
13708815
11564856
9738503
9099284
8142306
11676369
17458453
13193662
12986266
11040954
10053871
8777622
9534133
16259811
11985071
9588561
8637468
6727676
8010385
12152261
12824293
10061429
8409190
7775232
6242159
12097993
11884817
10819713
9212995
11421225
9440704
15248622
14313778
12670341
13491383
10463467
10584665
21066386
18474980
13798885
10835917
11209616
9160137
9764200
17894618
15816233
11148263
9950296
9262328
8741963
9203839
8923631
8593475
8231392
7977747
8318737
7917383
7616134
11205249
8858010
7769417
7756553
7841345
7778272
7624992
9158482
7288534
7000045
7986244
7390671
7427859
7023380
7230360
8042184
8175726
8516039
8007706
7591873
11687082
8424687
7445208
7379688
7308021
7489584
7162449
11195575
7460419
7073024
6867660
6539744
6865890
6694172
6810422
6275527
6008392
6489278
6441466
7009539
8999123
5828238
6073864
9954698
8606781
9977772
9594908
10188137
9999544
8553451
9769910
10419025
10837411
9137463
12352881
9438818
9064496
11033194
9039288
9508247
8464081
11113040
8710957
8428666
8153458
8202365
8354657
8873043
8173616
7977888
8037003
7735284
7911639
7977785
10498151
7596016
7933099
7436277
7452371
10114143
7513726
8962321
8207582
7333415
7620030
7192531
9399771
7163365
7904355
7894460
7703002
7646701
7852795
7517952
14899463
10322224
7325088
8046704
7385610
7990350
7212590
10898373
7921133
7030561
6994572
6587957
7773896
6593011
8524105
6724314
6235460
6153117
5948742
6394003
6287858
8293848
9775411
8921453
9775152
10334892
12117184
9846195
9591508
9437081
8512863
8932655
9418749
12576719
9506928
8843595
8621095
8923075
9265680
8757920
12434431
9569796
8525577
8602765
8543807
8584798
8449694
10783497
8032039
7798758
8214331
7598915
8104801
8081676
10070740
7844282
7611834
8102199
7279543
8304127
7526315
8718972
6734077
7154858
7048713
6762932
6917568
7865486
8855538
7478351
7314914
7501894
9923926
7324343
8704239
7465906
7289552
7350647
6858460
7502783
6799294
6677315
6913774
6645650
6563358
6435911
7120026
11264454
6519402
6323100
6040861
6322581
5983258
6557113
9015812
9963520
8836073
8897688
9610866
8973158
11099981
8195607
9592534
8206701
9533160
9132848
9401495
13843683
9140610
8915038
8629465
8974830
10424206
9095509
11783530
9025249
8649937
8859938
8387542
9210772
8261137
9781815
8085148
7924315
7766556
7833119
8762025
11526714
10120399
7936753
7483264
7572067
7299099
8037328
10791704
7099413
7558892
6765091
7032070
6980873
6810301
7578687
7464989
7528479
8048688
7187699
8103897
7587127
7201190
7566347
7132181
7535098
7054213
7357286
11309891
6881089
6765256
6802496
6648955
6587029
7062029
9048280
6368280
6324895
6342083
6088438
6077553
6191564
12195211
10636982
8945055
9515472
8742192
10238911
9712141
11127454
10266465
10038913
9557611
10771206
9452456
10289071
9432457
8555999
9373864
8739073
10108553
8250012
8663606
9074127
8211055
8843243
8323868
8599390
7554130
8117516
7821474
7657569
8087673
7933715
8338403
10242987
7711946
7633874
7386687
7493458
7664865
8122522
10850387
7681272
7310700
6984190
6907576
7043306
7750494
8933828
8223776
7919662
7903048
7444767
7495080
7172112
7685394
7201644
7379353
7420395
7011750
8397636
8951438
6741595
7098262
6947169
6900294
8416805
6685556
9421598
6316390
6259463
6745297
6039933
6642121
6611184
9935612
10087592
8822436
8790561
9020301
9821500
11795251
8491136
9619939
9481971
9312544
9720722
9231347
9094316
9350254
8528849
8983537
8640047
8552548
10432809
8401299
8445362
8267029
8178644
7721874
8547604
11565573
8343698
7888699
8074533
8249221
7890419
7908597
8338493
7208129
7663233
7359067
7544536
7593287
7041465
7848861
6800372
6932351
7061206
6694488
7083082
9808812
7640583
7769334
7552824
7726001
8573814
8793554
9621628
7160066
7153087
6899858
7152776
9756474
7426527
7158871
6698455
6728091
7254185
6367206
7535540
7227780
9062781
6455021
6285542
7196897
6142470
7041585
6040127
9777941
9970389
9740129
8836796
9939401
8813099
9629402
9653517
9472788
9254195
9365706
9882946
8970499
10079666
8706906
8785500
9660657
9276126
9201856
11134981
8873940
8401597
8086910
8379202
8465921
8286911
11290558
8033214
7404256
8457590
8233060
8387852
7779206
9761499
7897957
7681812
8084156
7306136
7760303
7654210
8428012
7338013
7012284
7376920
7116608
7813484
10366401
7667964
8243277
7603433
7593903
9298695
11128592
13641509
9183697
7495989
7503437
7927760
7585053
7098334
7206199
8656929
7023909
7661513
6930733
7367660
6455890
9012297
6499953
6241829
7224850
5980163
6201674
5775008
10887457
9316884
10728604
10051989
10789386
9975584
11809543
8421835
9271315
9367617
8916993
9328764
9020223
8831630
9091161
9089704
8914860
9209705
8865226
12269133
8626321
8934967
8599499
9274343
8549864
8182677
10403876
7785751
8109970
8260648
8065596
8404711
8222941
7503046
7998255
7728411
7802318
8063204
7422840
7197736
6983153
7235029
7110863
7593103
6880707
8205864
10407011
8224459
9190241
8586335
8206960
7796961
8207743
13783681
9162067
7931650
7910922
6910506
8021339
6922538
6770976
7261705
6809102
7509259
6374311
6925353
6664833
6309417
6331396
6198897
6417856
6289887
6731711
9873274
9824525
10307129
9018432
9755412
14442288
14808955
10214632
8661143
9370102
9039165
9760571
9440311
12508906
8936562
10256615
9606720
8808751
9009585
8500575
8503180
8301149
9208337
8673650
8218286
9597766
8400006
9349746
8252559
8031101
8406935
9250112
8840894
8135843
8333916
7699385
7340427
7631990
11395377
7641054
7328554
7644336
6985014
7284129
6996890
8356057
9106162
8499600
7621215
7698246
7946580
7510279
8084810
8089655
9317416
7301739
7816739
7839813
6808094
6765595
6829450
7490336
6665857
6536222
6943358
6714868
7120441
10777473
6129401
6201484
7419089
6197423
7512736
10177424
13466644
11249978
8826124
8800916
11006802
9612896
12732949
11024460
9372585
9649461
9470346
9139357
13967900
10526129
9721963
8712901
9579516
9838162
12856288
13497487
9754518
8935352
8190404
8211603
14037281
11850562
13338532
9014001
7970980
8720825
12237648
11253013
10351816
10921608
8277233
7693327
14213745
12018589
10726715
10572913
11327393
6890778
13160102
12139113
12514582
10500364
13330156
8592604
7805990
13923231
11437606
9975627
8597919
11740316
7119691
13235369
10620109
9241307
7476464
7647766
6883288
13679799
12252873
10218029
8691779
8335738
7449280
8266573
11342407
8978970
7521470
6555377
6447460
15823503
14691785
13393556
12979025
11441630
12101110
17332777
17677934
13690434
14092570
12351321
10948092
10699498
16737520
14547364
12167781
13770022
10575282
9560803
9158252
8649242
9150076
8504712
8274920
8531535
9207213
8704297
8289454
13400340
8810757
10647945
8365549
8497894
7785863
7932478
10148104
7705552
8493209
7740813
7706230
7400710
11593732
7273940
6671545
9407431
7895088
8806651
12185662
7679568
7819673
7454882
7801705
7920456
8462748
9366030
7366342
7380041
7257802
7290563
8725928
7044157
10557960
6890773
6686190
6499784
6605149
7369785
7115723
6503328
6149891
6177339
6717236
6132340
6720206
12204582
8827863
8912030
11830885
9990990
10295105
8706563
14671096
9963596
9166669
9216565
8980733
10462973
12876411
10060161
8948235
8753860
8760111
8474694
9135841
11903862
8362456
8118707
8208551
8848812
8916156
8381834
13658397
8931679
7863398
8138294
8407617
8506524
7750014
11815276
7349911
7461474
8416579
7414704
7401476
10733143
7869862
7231946
7153144
7038561
6859291
8120073
9268094
8129032
7565751
7389554
7494502
8666326
8508149
10259712
7334817
7013411
8404141
7531485
8299923
7490861
10725445
7535862
6664456
7239613
6800707
7550499
6429510
6699823
6639876
5881074
6641387
6233263
6704826
10175556
10136285
8954098
10015661
9816860
10605975
8473944
9756497
9421133
9426341
9573061
8596707
9393635
11683271
9351708
8989469
8967803
8860668
9597335
8810200
9522336
8736087
8336764
8826869
8335984
8987704
8027496
8580465
7835986
7947549
8527706
7669321
7988749
7960937
8977864
7976771
7455469
7787241
7530783
8044950
7739898
8027399
6733962
6517556
7380421
9368078
7945110
12110579
8735267
7632663
8116153
7224904
8806675
7364905
7638499
7003239
6877771
7579230
6750793
7927564
7201940
6984180
6885638
6635587
7249858
6317359
7006161
6482985
7493298
6630173
6110642
6373768
6868352
9014915
13941426
10449864
10406844
12686219
9981220
9154085
10572887
13242680
9184971
9173826
10420754
9332786
9495494
13534974
8938099
8517058
8714142
8581226
8827997
8873623
10957217
8481280
8288833
8440760
8248000
8414407
11672897
8522637
8121908
7734721
8652274
7551441
8864515
10061182
7536443
7583631
7462642
10071236
8179361
7704362
10834206
7824363
7018999
7060457
7194260
9541032
8309417
8744001
7794835
7519315
7615774
7388430
8014108
7144212
9266036
7171818
6788328
7322183
6863121
7880570
8479633
7826821
6609113
6744634
6454791
6479427
7617709
9571251
7138647
6416200
6165679
7316201
6443961
10110212
9390629
9938182
8601932
9528860
10832350
9437038
9225059
9282820
9307560
9879332
9118499
10140375
8905062
10926469
8856678
8453866
9255533
8667200
10107878
8878451
8510848
8146525
8436392
8239205
7928216
8858164
10783009
8559988
8596395
7882333
7861292
7650615
7830043
8314470
7355304
7617180
6920878
7216452
7023171
7029005
10254214
6797391
6787808
7423017
7003747
8272706
7616039
8387446
7774895
7327187
7334062
7294844
7542813
10272345
7199897
7313752
6889065
6900055
6836097
7338858
6628338
7062766
6636151
10357090
6594694
6324642
6417195
6819487
6177665
5916259
6299489
5904177
7360792
9710272
9713606
9874648
9658763
9473711
9889962
8651108
9801473
9288661
9551474
9135693
8898454
9632622
8560851
10404706
9220488
8544655
8786686
7612051
9018927
11246844
8635282
8374918
8860491
8212940
8540909
8553358
9537577
7449192
7943880
7584662
8120756
8476642
7954351
7471851
9780498
7541592
7803050
7246697
7257062
7360187
6920240
7091855
6620032
7087116
7869304
8046284
9068212
7350764
7446806
7230505
7266130
7212589
7922590
9451861
6895143
7122279
7023477
7050509
7683374
7061603
7327958
7420980
6305355
6708741
6324575
7876919
6420096
6977545
6170410
6300358
6608901
6032078
9008121
9840882
10043018
8750153
9817341
9607550
9924738
8326145
8376666
9219583
8909844
9167553
8737345
10327815
12540732
8726097
8618545
11570629
9225838
8573234
8771099
10031360
8294017
8260319
9445737
8127820
7839383
7984853
10147458
7595635
7642354
7828917
7348761
9108970
7857096
8315430
8420378
7152201
7494598
6854650
9096578
