15612046
11006958
9287964
9706626
9539976
12297597
9577248
9107941
9348738
9704015
9940699
9686339
9766200
9447622
9784461
10276561
9664702
10005656
11610777
9981786
9643364
9665204
10075584
9976330
9487388
12064539
9765910
9644259
9324744
10061949
9629412
9648804
10040174
9583992
10211092
10299337
9590135
9848121
10226313
9988778
9818221
10102560
9786171
10260770
10114797
11923354
10045662
9645835
9942101
14081180
9623279
9839598
9828625
9703432
9569022
9409664
9313898
9293186
9757889
9630614
9525682
10030334
9692593
9345474
9684187
9609517
9508023
9382466
9512951
9493644
9687619
10112323
10728432
10192199
10244820
9665460
9927196
9980337
10598791
9482401
9700906
9999308
9252032
10195278
9688837
9465571
9447984
9481333
9878276
9701577
9755396
10102859
9414751
9706434
9660825
9476154
9844191
9598947
10162818
9561011
10276496
9746561
9954598
9446177
9583797
10539698
9608465
9822808
9485585
9670236
9726190
9604851
9543149
9524520
9955786
10320854
10216340
9609481
9710539
9644669
9764530
9409807
9895239
9560099
9889698
9516069
9711919
9844643
9868306
9506811
9631776
9714084
9678839
9621877
9684809
9831024
9728592
10659181
10007739
10389266
10342042
10253726
10049783
9962459
9965028
9996450
10546779
10291639
10037801
10193651
10202521
10212485
10429429
10212569
9817221
10825884
10411525
10100291
9985152
10008396
10040392
10994468
10085945
10429712
10449259
10400786
10142416
10364725
10007606
10352257
10085399
10055935
10608191
10955708
10111193
9852563
9678101
9372960
9915477
9783982
9486082
9852245
9709344
10411131
10344689
9952205
10098732
10848904
10460275
10237634
10152599
10213553
10100861
12576502
9912768
9758413
9955041
9862661
9667055
9416915
9503130
9881844
9475246
11019793
10363351
10030243
9916821
9956160
10105291
10873901
9718918
9660288
9586763
9430893
9766326
9806551
9728546
9722313
9603267
9788907
9894132
9815815
10290154
10209650
9776124
9729370
9488188
10074350
10084523
10575424
9937785
10006290
10209744
10332469
10606391
11718077
10853042
12387486
11808022
10988039
10543158
10306561
9603713
9584249
10148901
9631417
9802423
9603273
9460164
9772108
11313738
10157661
10003198
10411235
11197189
9961111
10333002
12364582
9668139
9603051
10148120
9480688
9497840
9528272
9539591
10118931
58429780
53786776
48987729
44199620
39426200
34685278
29959044
25180050
20411160
15571333
10784526
84518761
79856226
75083533
70341779
65529090
60754001
56021362
51234660
46492748
41777036
37138145
32404724
27678908
22994705
18299513
13529372
21236108
16680760
11865411
9898084
10429455
11836658
19612873
14976534
10220405
9869588
9701739
9683475
10052136
9822622
9718940
9730883
9865535
9528155
9761300
10066785
9859770
10188901
10054751
21889455
17386814
12664279
10737784
10940561
9878911
10088666
9975766
9939324
10074392
9787170
9747289
9811733
9802686
10154786
24839542
20233569
15573637
10824226
104456899
99844936
95296514
90621010
85882850
81218855
76528403
71785190
66995727
62319546
57608676
52959734
48286052
43571694
38777231
34066153
29357680
24711290
20036358
15291479
10477120
18640835
14062569
10549617
9429061
10353816
9239825
10444894
17396577
12749197
9486453
10109542
9662996
10248950
9762820
9824243
9926133
10160473
9922729
9960818
9760991
9816631
9714721
10513800
23883503
19360395
14794787
10095115
10062736
11431449
9762560
9531274
9535561
9652765
9559291
9436964
9541303
10071111
10198627
10286251
28370902
24069565
19562446
14939597
14525291
11753016
9898240
9900184
9983689
9587143
9577733
9609467
9507817
10097520
10285401
10405106
31814444
27659877
23205883
18536628
16303364
11555098
9671990
9741434
10002387
9860529
9584346
9684988
9461775
10743354
10430402
10510261
32248663
28252326
23570102
18910275
14246019
9586817
9999542
9674350
9775200
9648965
9612784
9521342
9566827
9651323
9901704
21987917
17372205
12587273
9606248
9606525
9685659
9622810
9591837
9862269
9479369
9216105
9519662
9511345
9416517
9578305
9727176
24440316
19813354
15038475
10316824
10102361
9928418
10327706
9670066
9515342
9498172
9601677
9602735
9603064
9571518
9590440
9575717
19313702
14710229
9928474
9852084
9910073
9557589
10309011
9752674
9509460
9626768
9498921
9502999
9548432
9501156
10151121
10617752
25575059
20996065
16305873
11510994
9727000
10151338
9993959
9790954
10008367
9378696
10079493
10214353
10074630
10092042
10543256
16599209
12201414
31268149
26664727
21876879
17104395
12311755
10061772
9774600
9890398
10063174
10324337
9514353
9706609
9706573
9888829
10371870
19097719
14476590
10778064
9957039
9589291
9437383
9832400
9493770
9746912
9739116
9639548
9681804
9994580
9450743
9607426
22468744
17821677
13004559
9974418
10025424
9975961
11576446
9914484
9719864
9995193
9873698
9700017
9774565
9689060
10197931
10189665
10114005
10483191
24131749
19667963
15034281
10429611
11269470
10224174
10041638
9901238
9705004
9702364
9692485
9710104
9445590
9675763
10806924
20927253
16291696
11462442
9775948
9987943
9799626
9654121
9769867
9614363
9926566
9629447
9651443
9687917
10154965
10158210
10977289
27914337
23469769
18814942
14223135
11407995
12064731
10020007
10198721
9917439
9728444
9692263
9657748
9709431
9735541
9782276
22840258
18273455
13503314
10156612
9876941
10156019
11918901
9837250
9868516
9752700
9758444
9798930
9702643
9695212
10248510
10423682
10559376
10340381
27423314
22862081
18081211
13259301
10633015
10414698
9936173
9952647
9776882
9957993
9664154
9789327
9766113
9869047
9453907
22058923
17605606
12977601
9678972
9772166
9975671
9611521
9579402
9883272
9540583
9510860
9732907
9772403
10079295
9679154
22982035
18427884
13637849
10237553
9946892
10294721
9999059
9957461
9875238
9763431
10322354
10812892
10564886
10646570
10320544
10384675
31021827
26544343
21863005
17219740
12554808
10384148
10697289
10850951
9944196
9717754
9686781
9693672
9719887
9843913
9855075
10075144
9719278
18633877
14002383
10499015
9895176
9998214
10164010
9721996
9682481
9768382
9628191
9696331
9724265
9957771
10252995
10680251
30514277
26069450
21435144
16748962
12708770
10028422
13687813
9826684
11564616
9969112
9745850
9698106
9658695
9754753
9695290
12363536
21034125
16493047
14721918
10120163
10094554
9900248
10092816
10454603
10072120
9844896
9816267
9812637
9880205
10237930
9834717
10949629
22541937
17982058
13194991
10192298
10040023
9921810
10277399
9618041
9913682
9770678
9794652
9687585
9704112
9681367
9820082
11203171
20010739
15477266
10745355
10842246
10005909
9961654
9804327
9954967
9837901
10106094
9923037
10069877
9887392
9914652
10033731
9986404
21311471
16777738
11989317
10984281
10832214
11186969
10176673
10006794
9831393
9759379
9767519
9766494
9972240
9936475
9731491
26152861
21602826
16853676
12086868
10557198
10257110
11135147
10054017
9920127
9957435
9885629
9739707
9682640
10041354
9914496
9991387
10364007
25160013
20676227
16049942
11415271
10287682
11368272
10125735
9736325
9765977
9760889
9676687
9910766
11191250
10235798
10498678
32607809
28863350
24158523
19343799
14539961
9752633
10604889
10384594
9741380
9906084
9836204
9652210
9648060
9746826
10155801
9746339
22740625
18107881
13300866
10607757
10253868
9835811
10130775
9754489
9960703
9655928
9957559
9654034
9694883
9757608
9756322
9712952
10447344
19798193
15162949
10298174
9848086
9935863
10697807
9853187
9671589
9670459
9691465
9777419
9763476
9726931
9751165
9705299
19913805
15261791
10466494
9755261
9841266
9845085
11149320
9559544
9733571
9974682
9680478
9651797
9630250
9695475
9719398
9828216
9769326
18507780
13900765
10290990
10074339
9759616
10850413
9852617
9704821
9977754
9771989
9682683
9574157
9676934
9650283
9409466
23442556
18915071
14151911
11063645
9949079
9830085
11514840
9653659
9921071
10219889
9795586
9673884
10138118
9698552
9689245
9661292
26719694
22267210
17823893
13207816
10489186
9743682
10349791
9935589
9896179
10157392
10022565
9699196
9641452
9738291
9878151
11509365
21587454
16984710
12155821
9908128
10248040
9716078
10128385
9803767
9759199
9646768
10073816
9689873
10310515
10284124
10303047
13447803
30336360
25717679
20919414
16100472
11313926
9604931
10187138
9839967
10451599
9705364
9653662
9722376
10502705
10043659
10213935
30811139
26359853
21837318
17377647
12802506
10079919
10359570
10232711
9668145
9967848
9707917
9699547
9718157
9846976
9773763
9813467
11373536
19631364
15002266
10175459
10429590
10144818
10009053
9817819
9622471
9704830
9816357
9792624
9721910
9984271
10291474
10268678
11139320
28631002
24037946
19239733
14444072
9674401
11059000
9889017
10010075
9805768
9530785
9613769
9679567
9788438
9834808
9743105
9744632
27344179
22702477
17894889
13053916
10158724
10870146
10405527
9864606
10286237
10050941
10113300
9672015
9716979
9724756
9723887
29103590
24643555
19987581
15459316
11194437
11400703
10068584
10516725
9862418
9851550
9946669
10076217
9702849
10096201
10349342
10344046
9797447
10273766
24769981
20146298
15319492
10478779
10617077
10525166
10035234
9983740
9998652
9948772
10066081
10086669
9787207
9690244
31229843
26564183
21914355
17186559
12462461
10012893
10880098
9926207
9799297
9854365
9815475
10012419
9729153
9952347
10764186
10593056
11649378
26843509
22208421
17366406
12585381
10262167
10104892
10372357
10066018
10032493
9758967
10288411
9768167
9800475
9757054
9714830
24185211
19723353
15068056
10411719
10241995
9835605
11910309
10003085
9535081
10703171
9780582
9726016
9594000
9866412
9781273
9713528
10001097
17891685
13282952
10310573
9986995
10720345
9796142
9736419
9896227
9816503
9620843
9919870
9696656
9774798
9720282
9912802
21650110
17066689
12259049
10114691
9869654
10140087
9925937
9887984
9624459
9660725
9669283
9622425
9831659
9633082
9671901
9662333
20483444
15821637
10971757
9831045
9790071
9774879
10528176
9716943
9731439
9799632
9587357
9558310
9644681
9684437
9483723
10680094
28076829
23452158
18636237
13869378
10456582
9701807
9888281
9546631
9832375
9981298
9630378
9604716
9634577
9667301
9618258
9746139
19366364
14728515
9973427
10283703
10235022
9958997
9966721
9588144
9723473
9644635
9765485
9669303
10155934
10041419
10048258
10646764
27902561
23257005
18417334
13689850
10179033
9857174
10260211
9882363
10138108
9779531
9731317
9898053
10243799
10306575
10271852
12822337
27641624
23055651
18237802
13389280
9778463
11289000
10122454
10090127
9885298
10107971
9956530
9939618
9729166
9776109
9719615
10387132
22126991
17611800
12834785
10884176
9856224
11229833
9847141
9621637
9749049
10956409
10091581
10201181
10401094
10134026
10300136
12415933
10261054
23577685
19129159
14458603
9751484
11001917
9951777
9859293
9655403
9958545
9853821
10281129
10040624
10284599
10338262
10075360
10158088
25037792
20502496
15835221
11118519
10398482
9899957
10151484
9877073
10048339
9782313
9740768
9713805
9744862
9837535
12008489
23117307
18731959
13984267
10407611
9814137
10334362
9753754
9812259
9715453
10220625
9797048
9937273
9664684
9728815
9773936
10073119
17797354
13178099
10315824
9862716
9849450
10249779
9636722
10640072
9989464
9856406
9796267
10044672
9778333
10137256
9853366
9748642
27963920
23281228
18454681
13614229
10074245
9585043
9605059
9537262
9673946
9934013
9727416
9962901
9930469
9975485
10035657
10120778
22506941
18022581
13329629
10242562
10083672
11156814
10189486
9534086
9723633
9744691
9668093
10126442
9487031
9820954
9748470
10489580
24251992
19730915
14993119
10211312
10149506
10172230
9925163
10095492
9668168
9746308
9744867
9656185
9698962
9685228
9780348
20569375
15953350
11138314
10519372
10237096
9976123
11863692
9929385
9679714
9606761
9791100
9828513
9735872
9748858
9817781
9862327
21287969
16665849
11847324
9723226
9824336
9714092
10385827
9733291
9644245
9661136
9810267
10096845
10402435
10257504
10218457
11333526
10256931
30814499
26557536
21979219
17391891
12766126
14749997
10162982
10290967
9830618
9759645
9677526
9711240
9772715
9740543
10643789
10028858
28351478
23960661
19326875
14733141
10289564
10576455
10120586
10764249
9854473
9944958
9712005
9767490
9708236
9736481
11023112
10383340
27780908
23383529
18880472
14245801
9688526
11763333
9798506
9854929
9541142
9748399
9791540
9769004
9702041
9719401
10461917
29220944
28557054
23951185
19442815
14981947
12727172
9940312
10029704
10179459
9671976
9934753
9712112
9905046
9836415
9902318
9686136
20405319
16321742
11574571
9733128
10031634
10227587
9893906
9706423
9690293
9708226
9766940
9707060
10384890
10314905
10450859
31277333
26659954
22301377
17661289
14002816
11307468
10840661
10317969
10029655
9871025
9898073
9677256
9731959
10138695
9629700
9843571
10459785
20699072
16067318
11260354
10035267
9954554
13563632
11134691
9713353
10113056
10001302
9892307
9883522
9769685
9926002
9832165
11226608
20831728
16218151
11457177
9946361
10230803
9750091
9751878
9687884
9787952
9409322
10167672
9775189
9786819
9761263
9990186
22756243
18149856
14250238
10964316
10191885
9935755
10242906
10205892
9676012
9701653
9673910
9900748
10081077
10031406
10010797
9953731
24804215
20183971
15511488
12913274
10927197
9742161
10426032
9675892
9651585
10127070
9734430
9841790
9706494
9780885
9702933
9749876
21230726
16567305
11735862
10055462
10160686
10347734
9867022
9817975
9743408
9700873
9709847
10441374
10360299
10292815
10275019
10615505
9978645
31969131
27662636
23033382
18432982
14249768
11259108
10791884
9780911
9922074
9691048
9757002
9796550
9691982
9886634
10020400
10101614
28382516
23966230
19327080
14791471
10152425
10448952
9878082
9822318
10005094
9743392
9784762
9728736
9658336
9742416
10616494
28696406
24249755
19587220
14962080
10333450
10741071
11159732
9837408
9624716
9640462
9674280
9824609
9751864
9766933
9686429
12727851
26601565
22041530
17310712
12519010
9997776
10042532
10283591
9951835
9939873
9806764
9904124
9750755
9832750
9660735
9821532
9775924
20757034
16127936
11313786
10385260
10259443
10069407
10627392
10157929
10137842
10207753
10820843
9645546
9629316
9561572
9702318
23870563
19278079
14649762
11051705
10152451
9913040
9924931
9974530
9924391
9893678
9892913
9853763
10626852
10183795
10270895
10286067
34905667
30467038
25879449
21299205
16748232
12278092
10802536
9955364
11132047
10235969
9894215
9735377
9756435
9732597
9770321
10574400
10795875
10289902
28290491
24115247
19700888
15409446
10908525
11255520
9857620
10182896
10434892
9797460
9676021
9760361
9718242
9871435
23548431
18934228
14151432
10560980
10092454
9809241
12491758
10054846
9941321
9714774
9739843
9893349
9780032
9817080
9780793
9800029
10395879
19087509
14455963
9717541
9949277
10149554
11461497
10386409
10490019
10085243
10130260
10139442
10018053
10172445
10323919
10030081
11176243
26842616
22434352
17838014
13308342
10603099
13658375
9664173
9880179
9940611
10264794
9695592
9768421
9661198
9669442
9718990
10196403
21619908
17033883
12235774
9888290
10006328
11249729
9815683
11341688
9915768
9858440
9879914
9840452
9738853
9773818
9772428
24118069
19575065
14911644
10192232
10977561
11148463
10350146
9952715
10127834
9671549
9828752
9773925
9754463
9852030
10006269
10350817
10471405
11175901
20148418
15472965
10644335
10310810
12122336
10221416
9895025
10514260
10215944
9680595
9697747
9653804
10288248
10316858
30939374
26568089
21926490
17260361
12670586
10418101
10346972
9973394
9975390
9835459
9638755
9755335
9757487
9668440
9959394
10261024
25940051
21353037
16602896
11804527
9679856
10011018
9853014
10020061
10147473
9664156
10680891
10281015
10303323
10286464
10342105
11885924
9862919
30895123
26594462
22186353
17818662
13353209
10753277
10032356
9999924
9598587
9826623
9535130
9715874
9715631
9788304
9942642
20332503
15752259
10961337
10017968
10240484
10090344
10324944
9694595
9666070
9711399
9728967
9715651
9891083
9677506
9812574
26682694
22098909
17288925
12491129
9690624
10028353
9704618
9822916
9773036
10232271
9778017
9957929
9723362
9812128
9793707
9994974
10578375
20034120
15417834
10616028
11555263
10303352
9833629
9730676
9808401
9745084
10036089
9830168
9742789
9740045
9812561
9739348
10824260
24937975
20396324
15759518
11049117
10555904
10449150
10268541
9724599
9920708
9750933
9785950
9872268
9831451
10037200
9700289
9695930
22199801
17656327
12841812
10262975
9906897
10202486
9590471
10158664
10380764
9828228
9754182
9589927
9780933
9863658
10444143
33330618
29148185
24618983
20032229
15517089
10879918
10932278
9975210
9851269
9777587
9809374
9799495
9733000
9747861
9821157
10214247
10328274
10591467
30321692
25714728
20914172
16078251
11235038
10253700
9912261
10233059
9851929
9813092
9894045
9916718
9784339
11276490
10605465
29250428
24911174
20671816
16409019
12072577
12754416
10334328
10098460
10007434
9727711
9586842
9676805
9688905
9886629
9777219
22734475
18264074
13518778
10734159
9786415
10227838
10517176
10945683
9734553
10023944
9786721
10070799
9856545
9701457
9764026
9694826
10181197
21035900
16462844
11720986
10377043
9965028
10223794
10001311
9752317
9646343
9750839
9636219
9374725
10050055
9851581
10086181
18797811
17941161
13226646
19820360
15226210
10400654
11203534
10145009
9751795
9822854
9755058
9702105
9761705
9738439
9729758
10024618
10111353
18974494
14374146
9559579
9866210
10090601
9904992
9665373
9962525
9952281
9863390
9719504
9703687
9595527
10309188
10139257
31857918
27467883
22835191
18175988
13552203
11433052
10450829
10261262
9740028
10015722
9868185
9726587
9685198
10013026
9741793
9845559
22456044
17955956
13187586
10641822
9938974
10236958
10104683
9805845
9778518
10153170
10035373
9776015
9727332
9747661
10295074
10081079
10231825
20253248
15694930
10975624
9879858
10570604
10423850
11207303
9813000
9732235
9703501
10051330
10084316
10183810
10449400
10659311
9767349
29850803
25368840
20684325
15915800
11271805
11533541
10204598
10063625
9792756
9758710
9823257
9940096
9910633
9714973
10941291
23866464
19472104
14942277
10344325
10115487
11224256
11038856
9769602
9781128
10123593
9661317
9746490
9604683
9760428
9654299
10099523
28262717
23831588
19220874
14622610
10071584
10742121
10006773
10049549
10073108
10240519
9771473
9754459
9617339
10236731
10275133
23367440
18778967
13955962
10379051
10283495
9795125
11047382
9982710
9982206
9769410
9997811
10028505
9933833
9889579
9935377
9848517
31235305
31470477
26932681
22219260
17523182
12807938
10464156
9921881
10219917
9654673
10053543
9637987
9709514
9274009
9747098
9725187
28367287
24146366
19579455
14943117
12002508
10999347
13351968
10177349
9968146
9736184
9981773
9664966
9928732
9703228
10375692
10245604
10373589
31061001
26496174
21750930
17019904
12288618
11071290
10038547
10420386
10107329
9776408
9757519
9632065
9926093
10505848
10407896
10580256
31368140
26735604
21936714
17108501
12309976
10391659
10217248
9993879
9975040
10203807
9765542
9673214
9792658
9696946
9715347
10037082
25649389
21009302
16190777
11386522
11575601
10363898
10005529
9749452
9552280
9944589
9749813
9793579
10000575
9985434
9983836
10414842
23560067
19176385
14613432
9923293
10018726
11554419
9922196
10122420
9727439
9695581
9690858
9677905
9999641
10466271
10502485
31516408
27101059
22688732
18148279
13375640
11165448
11521401
10063866
10332007
9684627
10017717
9849764
9748687
10380682
10300334
10246288
32350158
27982101
23166493
18367967
13571890
10172270
11090985
10041001
9750444
9530877
9789747
9664191
10134728
9708390
9755698
9860559
21843495
17307677
12517277
10579272
10029810
10150764
9999581
9899963
9887010
9768485
9713241
9750444
9808013
10128758
10190962
12095978
10507296
25401740
21136184
16497189
11816372
13320815
12064165
9834494
9726697
10257027
10097146
9678413
9681086
10355581
10397993
11151290
10343911
27303355
22700818
17881356
13051477
9698055
10519842
10266473
9735031
9626089
9715688
9684142
10185721
10723865
10415236
11729263
11168654
28027420
23439728
18686880
13894344
10241600
9628960
9877935
10446596
9993644
9735952
9833989
9763745
9756365
10313257
10954210
31214071
26586379
21783634
16952140
12112885
10101964
9880366
9863611
10119097
9685310
9945744
9671385
10049630
10810220
9571278
10456450
12905633
9587993
10331811
9906672
10662781
10024256
9646147
9705903
9494722
9652706
9458660
9697899
9691769
9477098
9621281
10554161
10559282
9614143
9897283
9796571
9702159
10005197
9624276
9547781
9639308
9809741
9348664
9463055
9691977
9724285
10027582
10135307
11426887
9397944
9540825
9878810
9906795
9825770
9830317
9578719
9494256
9659741
9924549
9547950
9796665
9493504
9468260
10304839
11970688
9974715
9714315
9766570
9534660
9648009
9968963
9924764
9507593
9948546
9570750
9519308
9741980
9593924
9557377
9881352
13824338
9544249
9749735
9451729
10034715
9716294
10187976
10159816
9637019
9443702
10021375
10211287
9636981
9621789
9944878
9230675
13231941
9709718
9505568
9639490
9956278
9491345
9636779
10395233
9795769
9490265
9783093
9800245
9519637
9727621
9470034
15199168
10367987
9794461
9875571
9574649
9615656
9431610
9801990
9798100
10345772
9783862
9432108
9604571
9636828
9745854
9491287
9585366
12260330
9596909
9987029
10103295
9511020
9591869
9724230
9773778
10145825
9488237
9771430
9449728
9826932
9400646
10294464
9477657
11099913
10222534
9724060
9468608
9654145
9584682
9564386
9478829
9994106
9460167
9573257
9484939
9755945
9448669
10041394
13106099
9993354
9893996
9732970
9760174
9701024
9563696
9870639
9515707
9331922
9590168
9452944
9726033
9964799
9570805
9513061
10138077
11108771
10633215
10024793
9772257
9671648
9588800
9467827
9696332
9504005
9725066
9385238
9751453
9697251
9637944
9484627
9790059
11316482
9948426
9822244
