74115384
70082937
65847624
61509447
57584604
53284760
49165437
44838041
40603562
36299864
32323771
28111010
23854135
20122156
16004448
11842157
8795646
12879762
8252001
13263044
8619607
7519086
6734139
6821848
7199244
6725390
9536381
6341850
6344142
7131121
6293361
6420758
6265342
6799561
9919666
10908625
10149042
10036386
9742637
9753366
10502377
9999617
10929201
10159358
9279046
9442848
9262276
9230454
9226235
8608944
8882226
10009258
10185456
10882384
9841395
11774520
11481031
10117906
11455459
9543949
11983064
10960825
10393378
9872857
7879420
8535775
7321296
9008745
7305828
7156923
7441767
7154424
6931247
27738593
23175416
18435000
13656145
8883958
6605417
6287969
6259428
6696460
6278231
6122294
7191982
7246253
7309483
8442400
7082088
20080944
15286673
10499226
8126465
37034490
32232667
27388448
22539698
17734542
12880219
8043500
10543970
7244439
6095429
7549231
6151784
5746159
9637202
10190536
12295901
9579339
9574704
9266162
9306007
9393351
9703820
11249811
10056842
70486536
65619453
60724922
55842422
50938411
46061380
41167109
36263099
31358932
26463047
21562318
16650755
11745547
10695495
7935756
7931225
8567944
8019455
10524195
8548571
7994977
8311957
7283676
6982531
7735344
9260293
12112064
7309668
6868367
6861180
8588420
7688056
7743004
6226494
6414151
6207381
6960975
8014048
9136809
7166862
7681237
7081811
7008530
6857228
7017489
7308584
8094470
7224366
6729939
6500252
6685617
10069681
6334941
6204837
6474317
6537963
5926506
6611506
10299215
6458590
7728487
5878175
9669998
10333437
12262127
9430877
9351815
9226972
9332910
9081504
9682702
9919526
8723068
9778902
8960256
8673226
8305049
8829841
8432967
9153228
9312811
8198333
8032604
9855521
8449636
10192241
7689481
7855054
7757815
7355316
8801046
10247348
7220682
7127036
7057818
7156360
6836309
8831987
7597247
6764696
6662717
7599593
7059645
7619854
6817354
7429855
6145741
6227825
6340586
6072721
5901055
10608817
7227098
7230640
6847880
7113037
6641006
7249653
8965643
6716476
6752935
6571998
6957363
6326895
6766896
7466323
6228355
6152887
5909658
6048044
6206638
6083982
5765702
5610233
9640026
9615235
9761798
14291851
9541903
9236539
8974873
9351279
9195447
9353624
13520031
8735292
8927948
8272584
8500293
8247325
9568367
10936389
8095139
7966546
8517380
8187276
7936860
8428527
11309726
9820038
8576185
7232800
8399206
7949728
13949208
9076916
7017906
6890302
7153636
6803376
8228117
10426347
7913170
6709160
6452389
6887338
6462703
7512964
8662287
6218173
5971507
5899476
6252497
8369477
7315207
7417082
7152864
6974062
6974844
7018647
8024064
11245315
6541148
6674534
6509222
6636879
6633806
8340266
9950266
7023808
6086725
5971778
6107820
5817195
6756519
8632040
9683968
9759125
9789386
9336886
9879074
10556783
9183242
9060430
8902722
8893452
8912306
8966994
8937203
8379391
8149079
8118715
8247830
9662622
10734654
9196269
7987572
7833822
8229864
7848042
9112157
9282262
7530127
7445492
7143357
7468566
7463306
8483306
7417057
10363672
7123776
6991121
6940704
6800184
7322528
8392112
6595967
6497321
6247791
6245395
7701646
8998105
6787272
6407324
7185763
7635919
7380034
7643212
11086911
7047796
7160036
6575870
6801444
6808788
6841392
6788372
6451185
6493998
6361394
6182905
7734989
9485771
6202021
6368324
5931658
8805461
6879836
10587233
10428066
9660775
9393901
9684318
9596141
9754371
11283695
11731351
9397445
9071040
9203853
8772082
9533645
8907135
9625417
8363647
8059324
8359221
7948075
8795211
7971618
7858650
7782765
7706671
7557089
9336725
8067194
8998965
8056153
8416674
8393394
7164071
8542457
9648187
8109073
7026000
6748709
7977043
6703502
8610013
8604284
6510066
6547462
6218296
6499859
6087463
6771370
6225902
7147673
7479289
7662414
7159758
8560696
10202728
7038301
7101166
6937990
12446637
11402366
9156169
9725023
7280753
6489295
11567213
10384296
10413672
12627839
7888048
7490756
12020080
11071487
9837789
10534457
10710030
12726958
12963833
11485032
10329146
10515501
9082637
16786544
15617430
11918264
10230035
8170973
10279046
12412745
15236339
12742954
11272590
10756809
9510403
9305821
14795978
13865457
13084781
11716760
10194938
9516761
18831398
14054575
12747909
10578065
10144524
8965358
8639004
16592547
13445776
12707131
10191819
9628746
7505361
16832967
13888384
12147707
9823436
8972187
8652031
7757552
16948022
12453699
10632137
9389429
7685732
7697972
14110473
16152661
11306046
9294588
7491308
8012610
14322403
13104435
20802196
16553915
11886571
10093863
7320374
16585063
11697874
11506209
9516991
7191522
6318971
14874545
12455795
16588296
11952775
9913921
9156734
10331839
9956110
10054548
13093716
9595435
9332466
9306009
9604030
10616739
9261166
10639969
8875230
8195334
8800543
8407783
8569086
8598461
9072056
8211483
8434140
8689245
8286901
9091798
8877371
10371226
7943518
7819091
7657009
7471644
8051957
9391541
7111385
7193573
7352793
7118835
7320606
7146857
11188199
6956325
6605387
7406430
6855545
8321275
7198983
7960442
7639609
8330808
7727006
7493934
8040341
9719508
7439039
7028102
7111540
7288468
7174146
7423104
11163782
6541803
6733575
6953419
7378159
7356232
6645556
6930817
6819567
6060609
6938006
10721132
10369674
9020664
10244258
9798738
10127540
8601447
10024156
10453219
10387959
9279574
9141501
9744262
9127544
10067545
15426087
10599473
9068015
8780932
9498328
11144579
9090829
17113747
12272706
8489737
12301248
8109686
8425416
8559374
10426927
8129375
8451355
10145054
7882918
8070159
8614430
6809430
9048129
7571463
7941046
7431151
8340162
12321309
7421257
6669122
6261622
6606675
6701884
6826468
9396052
7605114
7364854
7530272
7588397
8140221
7692200
12058607
7489493
7007670
9537359
7140849
8186162
7642152
10090850
6887413
6447518
7635070
6935956
7080332
12674604
7810176
6605385
10197521
10243095
8960074
10370231
10712524
9833409
9637629
9982577
10121640
10464505
8431797
10204871
9870705
9825132
9115185
9569664
9270081
8732426
8934822
8691802
9052531
8904355
8614668
8975866
8664356
8714773
7842586
8648524
8186025
8112848
11862276
9116703
7964621
7335819
7901601
7605768
11545248
8028477
8996655
7554572
8048062
7370198
8677959
7541709
11688846
6839314
6956346
6959680
6852493
8101504
11025359
8439213
7547235
7262287
7415777
8896820
7447653
11307967
7872915
7047394
8173228
8765989
8881823
7816251
6721928
7625939
6761669
6985784
6974274
6560420
8820369
6234692
10142089
10377662
9895840
10975059
8946413
9901622
10408446
8814540
10102509
9915583
9468760
8954438
17227512
12411262
10861731
11641471
10953972
9072670
8745066
11982879
10309755
8398557
8384756
10288142
9942257
11489549
8630903
8010331
8545279
7473405
8846166
8168406
7905750
7578042
7689189
7999033
7052575
8011794
7352941
7141170
7638671
7462525
7115859
7641224
7148829
10008569
7135861
6828205
7176800
7674561
8452842
11940135
7537948
8262375
7528574
7822845
7142793
7284773
7413628
7413472
7678733
6938264
6775505
6533109
7091443
9614621
6444517
7260299
6644726
6316237
7403425
6328269
10305614
10359052
10582282
10159522
10306606
10359002
12655096
9060305
10291712
10087494
8423692
10526453
9624110
11414162
9314683
9213434
9343799
9189529
10029425
9254530
9924634
10532864
9258021
9088073
8402813
8629064
8503856
8600002
9097920
8804326
8367816
9432973
8859536
9402766
7741516
7680475
7965007
7413653
8293393
8232144
8046623
7171363
7100530
9149594
7338292
8185063
8140741
10640481
8212669
7119961
7951837
7633348
8008973
11308713
7534287
8746110
7627881
6926111
7939445
8118091
11638248
6992936
7877780
7743562
6809396
7515490
6971636
9921377
6434033
6627992
6691742
6357837
7580858
12114609
10110130
10319818
10111850
9794090
10076017
12402060
9571904
9694196
10166384
10420082
8881541
10251073
9134146
12729199
9273522
9358158
9230398
9862013
8908524
10537848
8953317
8482953
8658266
7970089
9018631
11685820
8142278
7849987
9107019
8407801
7747332
7917177
10641344
7446761
7790355
8818481
7551814
7738065
7476503
8330410
6962702
6541921
7249630
6861818
7193902
6869058
8811247
6385205
6152289
8642029
8018957
8015832
7363541
7475677
7004375
7003751
7208908
6974064
7280992
14538389
9706045
6839118
7388077
7035942
8324953
6858131
11199746
6383236
6410580
7500372
6502925
6542717
8965270
10595896
10012511
10878917
9904022
10546314
10147280
12102073
8474833
9404001
10028897
8974366
10287127
10464003
9372232
8894004
9153015
8746400
8567547
9071610
8842548
8055829
8131299
8231091
8429633
9386509
8404113
8675416
8179531
7864844
8217605
8073855
8071877
8386252
10438388
7287451
7389639
9844327
7676098
7654536
10951048
7829069
6871829
6962924
7214330
7446102
7642561
7076676
8236416
7442458
7899125
7733396
8414543
7506991
9114752
7945482
7120066
7572358
6825014
7262671
11004339
8205068
6677829
6613402
6559184
6480018
6407935
9688405
6440853
5988457
5936635
5966375
9906584
9701428
9762054
9400544
9520909
9581795
10142941
9662629
9624974
9431120
9283360
9513725
9032684
9254455
8660237
9478102
9117738
8760707
8936281
8537791
11535761
8348469
9368574
8656439
8288002
8830919
8017274
8298681
8453369
10684828
9296130
7329620
7254933
7633319
7841445
7062435
7667956
7032227
7010301
6821760
8071656
8606865
6796449
6607543
6564418
6810252
6308378
7262649
6735566
6728431
7478484
7364266
7120360
7427287
7389319
9328174
7964008
6949789
7299529
6806145
7285624
6934843
6822136
6881563
6485678
7108856
6458596
7150159
9513389
6607972
6474692
6274484
10297922
10813808
15307976
10448549
10028497
9698706
9773342
12330218
9780843
13576937
9406625
9429021
9544438
9310897
9238919
9003294
10290691
9026212
8822723
8649859
8900380
9242672
8801839
11177465
10588351
8182205
8382779
8324394
9252624
13431427
8585385
9023875
8818198
8672470
7716949
8001273
7686898
8278409
8410701
7067056
7580650
7486692
8041172
8303673
7196642
6919871
7322476
6597633
8062685
6813363
7543103
7569874
7695760
7562740
7021595
7286595
10290398
10991805
8561284
7648941
7188420
7684879
7716651
7213214
10137642
11584100
10375715
9197747
7896914
7193425
6554832
11929051
11522489
9792125
11327595
12996449
9676606
15538951
11127857
11383378
9487233
9544577
9954161
12457547
11185464
9582392
8283277
8910778
9322914
13203592
12208801
11611770
10738281
9189270
10583334
16136824
12281720
12327242
10643440
11341149
8962711
18587140
13993755
11667349
11879432
10101933
9093131
14242976
14951779
16275269
11489696
9433811
9664697
8706937
15302302
18350741
13510689
11360272
9305064
9801054
14787618
14631264
23945953
19111422
14251161
9385276
15761944
14261944
13256632
9688872
12370070
7531893
9498873
12155593
10258249
9316791
7881427
9574813
6748720
13183617
10992471
10619607
8712368
14588775
9830338
17458256
12975599
12395808
10900131
10432892
16264456
17955967
16261748
14529353
14482322
16590969
11711594
12101282
9718938
9546699
8599668
9807950
11468003
8291493
9329879
9259567
9825765
9188161
12296652
7709048
9859986
16062018
11354258
9670248
8454727
8606395
11314937
7804520
7542333
8023740
7689782
8651033
7951398
8253430
7369836
7344004
7219473
7123692
7927599
9493433
6794214
6751715
6283799
7128122
6526300
7342081
10346874
7905364
7432448
7376719
7361615
8810522
7639793
10417034
7579117
6835472
7376618
7078390
7421671
6779745
8353547
6923079
6778704
6834330
6546310
7275373
6596675
6684072
5956520
9256937
10323344
9882355
15486054
10639492
10918919
10322878
9831160
9831837
8321786
12029130
8648609
9335225
9545381
9159236
9095018
9255800
10175488
9072936
8938666
8823093
8416739
8806323
9158251
11518981
8352419
7838200
8287628
8496691
9030806
9104192
8745130
7909922
7778412
7917996
7693309
8045757
11887789
7056644
7860186
7181020
9942322
9922948
7432688
12074097
7441493
7347431
7559567
6916495
8385766
11289048
7356132
7393841
7190664
7270196
7250092
7360040
9023687
7681396
6876917
6480563
6608741
8267127
6788377
7180461
6978534
6466139
6623379
6286609
7460411
6609839
7306871
6427861
9341612
9987654
10698592
9176040
10623332
10071197
9761615
8801355
8358282
10112710
9912867
11517711
10128545
9292035
9286775
9303338
8957140
12439902
8901204
8644433
9751361
8865164
8015425
8778810
8622196
8286103
8799645
8866365
8046261
9299074
8004699
8488606
9217825
8040482
8012462
7282358
9266005
7683036
7305797
7388766
7146527
7355226
7066216
7286997
7483196
7109394
6744082
6832676
6600802
8580386
7444813
8672679
7328096
7541013
7511065
6974503
7744296
7341379
7238255
8005703
7854558
7106902
6819298
7447684
7100081
7515758
8134665
6337582
6618051
6936646
7618105
13484408
11763939
9914877
10019774
8771649
10269983
13063161
8546702
11572432
8781183
8669204
9933319
9914674
11274102
9121446
8888790
8876030
8668166
9423218
9972802
14051449
9209262
9035929
9293638
9398326
9193586
8824212
9879213
8346088
7980828
8398172
7582287
8571142
11442341
7542705
9066404
8313175
8025155
8337603
8036093
7678542
7741094
7544741
8026252
7002398
7192659
6924118
7759222
6979379
7096515
7873338
7980214
8036152
11740163
7373236
7317039
7441362
7277352
7346415
7290114
10246260
7061990
8065740
7321886
6610220
7291992
6541784
11108035
6507253
6935171
6810848
6142411
6705172
6329860
10049496
10439809
10192154
9770800
8980384
10943822
10373145
9706323
9778407
8623772
9376064
9632887
9600023
9823461
9974347
12906744
10033827
9307161
8972578
9490600
10104819
9123830
8841851
8345237
9004092
8796800
10480551
8146541
7929354
8352115
7950344
8448887
7713887
9119148
7899721
9183003
7939254
7853421
7589307
7290297
8887277
7277381
9194830
6953424
7644674
7232279
11434624
7026238
6707905
8604260
7832438
8155876
7611814
10276189
7537492
7335044
7408691
7324316
7013223
10375724
6889057
6814839
6725204
7093069
7149788
7813226
8664737
6472602
6517499
7941770
6763646
6856406
14726251
10030887
10193023
11715523
10288232
10511254
9489275
12341880
9179172
9765422
10154381
8665683
10169799
9522247
12924331
8981571
8701311
9214541
8988031
9077823
8522719
9384907
8475116
8929335
9359023
9522461
8436160
11112515
8377098
7532932
7885693
8032985
9006215
7635590
9014653
7873924
7914862
7742519
7233770
8282937
8241479
8759917
7338928
7053928
7209918
7224242
7131847
8421430
6571535
9189713
7591171
7570755
8868360
9615704
8622111
7650289
7215706
7371279
6970394
8224301
11310500
7833833
6935865
6666074
6725033
6610346
7268732
6855242
7335139
6857743
6109931
6118213
9893422
11968423
9308840
9330090
9145351
10206706
10578321
9354519
11521864
8959052
10100927
10076605
9750147
10065773
9603638
12844524
9873118
8996660
9204525
8824525
9887338
13099371
10736142
8787496
8857132
8842914
8121456
8933436
11735624
9921301
8237760
8003542
8255105
8365053
7944220
9055471
8172867
7583076
7258128
7431723
8975942
7750890
8006933
8481985
7386465
7530892
7258393
7625112
8053915
8159488
8825218
8229333
7989646
7755740
8444751
12141471
7435533
7328398
7066472
7274649
8912567
7447515
6990849
7515016
6768662
6938246
6208038
7884497
7037414
9215852
6594655
6574603
7077052
11096792
9391219
11206637
14003721
11233565
9734190
9070389
11004608
9873150
9600354
8611344
9502178
9904574
10306085
9591450
10060148
9112545
9082858
9748848
8966661
9349630
8948537
18853174
14002496
9125517
10556508
9049633
8849529
8498853
7773593
8155260
8245677
8139323
7941199
8206095
7975471
7617763
9297190
7715733
7603962
7271150
7377921
10656204
6902454
7238340
7633913
7530684
7317195
7763029
6699227
9352041
8018864
8065219
7334802
8266366
7802043
8880637
7419961
7163294
7345639
7358764
7367306
6933088
7171474
8278402
7249444
6601632
6886841
6715227
7693092
6546842
7594968
7272989
10748719
10490022
10147730
11825752
11180909
10609971
9036326
9852212
9715337
10732317
9589453
9305235
9274298
9139559
9937736
9024039
9412841
11128363
9303884
9109405
8785500
8467583
11026022
8959876
8140814
9061127
8500398
8470711
8038524
10638108
7904515
12663630
8078683
7821964
8004100
7844049
8684362
7630248
8577540
9675092
7554468
7955041
9688844
11030720
7168897
6899210
7207231
6973586
7249211
6606920
7921660
7555775
7684474
7173849
8576089
7449423
9761091
7137914
6984060
7373644
7154217
7361978
7303177
8968125
7343751
7998751
6734012
6842137
6527763
11557139
10467139
8451827
6721254
9151932
10722662
14483080
11669955
9975216
9060997
10016519
10072769
13289749
14127875
10476781
9297459
9497303
8864230
11778867
13364596
10002669
9028920
8557097
8798192
14533870
11973922
11019391
9595329
9913611
8455538
12696060
12823144
10955332
8574082
10029708
9197989
17304762
12576948
12022991
9667939
13722107
9040649
13708879
12035025
10461536
9989036
11358828
8895756
7060444
13989351
11471278
11645810
9425029
8699300
7494561
13612323
10979406
9558469
9848834
11510970
7720398
14271909
15275868
13441077
10569879
10066546
9445557
13854672
15062017
13414986
10077174
8852799
7678737
6982383
12867593
11685510
12150979
11321552
10996136
13025824
16593273
12684940
12283274
10832597
10029264
9868796
18238432
22182287
17340569
16288850
14136246
14007080
11581039
12248956
10794738
9115728
9046301
8415468
8823021
9071667
9453751
8633595
8033075
8064065
7742086
8161774
8615473
13121724
8252869
7872505
7843079
7851048
8354746
12194174
8862872
7530946
7121259
7066051
8717354
7409333
11143553
8273865
7117303
6705950
6467408
7031732
7802514
7261056
7393244
7019286
7226474
6942881
7757725
8042986
7337466
6822570
6615175
6616946
6446426
7050958
6740281
6440229
6601897
6353355
6239814
6698669
6619711
8937681
7164191
8863463
8934922
9130391
8868412
10360392
8572163
9837476
8596800
8124769
9535655
8735082
8132218
8002896
11266386
9411074
8593835
9492013
8757430
9134045
8914566
8583004
8580244
9167745
8658005
8723683
8458111
8154465
8594570
8044935
8591915
8338009
9524416
8496916
7726344
7818271
7475720
7775199
7939523
11684524
6965461
7558274
7446243
7095098
7433067
6882078
6457131
7206090
6534788
6403591
6439164
7520779
11342655
7356978
7459843
7271667
7210938
7539272
6912606
6917346
7648700
6685680
6727503
6637035
6639484
6567974
6513287
6525995
6198131
6284903
6271674
6285581
10074332
5893446
9270583
9358500
8755479
9279282
10137720
11431627
10840013
8753815
8680534
8467045
8576837
8247775
11083662
9736370
9471892
8722882
9154549
8176424
11885071
8911269
8783353
9182103
8492781
9097104
8583459
9607418
8591429
8033513
8265701
8267836
8139504
8231483
9461536
7550703
7424558
7659766
7814611
7707997
9362581
7700706
7662529
8087790
6957062
7265239
7123104
8924459
7009928
6992533
6850294
7698055
7680399
10379827
7282848
7683838
7370453
7142745
7525663
7581444
9651393
7951810
7170040
7120873
7031551
8255041
7116552
11275043
6651293
7350512
7570929
6332232
7129784
7786347
8514577
8831036
9941245
9135308
10040933
8852496
12965518
9940883
9717914
8589738
8416040
9045989
8367552
16879168
13032970
12780210
9169585
9351356
9153232
9166826
11578285
9079848
9140578
8894068
9476516
8321360
10479903
8642768
7974851
8466362
7751779
8298499
8049124
9748396
7501521
7327876
7737095
7026991
7111106
7574440
7073086
6808503
7462046
7135900
7975172
6819443
9544027
6972517
6594705
6673299
7594602
7818977
7754915
9078197
7463875
7216844
7928771
7222678
7487366
7286950
10692576
8015336
7340962
6844712
8209661
7889245
11833569
6967735
6658829
8151330
6404143
7432998
6204769
9643103
8777218
8630291
9024667
8643470
8911803
10072481
8384096
8108992
8580816
8359097
10725504
11918161
8655505
9114725
9124465
8726913
8763945
9095508
11600144
8508217
8376238
8419989
8470927
9450927
8678220
11521918
8390460
8669106
8594367
8115410
8421764
7886817
9732026
7863432
7843485
8008433
7552288
8142549
7497393
7595050
7263227
6655676
7035103
6813125
7515157
6621511
7010626
6431720
6316200
7411305
8041305
7479847
8624015
7470213
7365266
7464745
7018600
8262663
9948966
6929487
7016623
6565217
6871780
7023551
6825791
9588188
6310584
7056262
6151887
6367513
6607201
6250951
8842358
9844234
9302724
12882100
9207621
9010017
9196111
9040903
8415643
8228352
8810644
9533562
8301843
11524084
8912782
8917626
9178460
8564867
8785388
8984295
9681379
9074712
8253775
9021067
8803724
9303152
8572319
8550496
7972424
6866435
6842008
7442582
8158155
9848573
7415448
7951282
7716959
7490449
8046127
7919044
10699409
7470347
7302379
7423629
7123786
7592589
6946912
8318267
6941861
6514361
7534414
7450508
7546498
10163062
7377489
7406552
7164313
7106761
7699574
7313533
10634003
8340982
7114316
7225827
6940515
8109005
7324057
7919110
7079944
8431872
6578122
6179424
6702862
6311561
10355728
9099791
9114011
8555886
10635835
8493231
8771617
8546513
8369222
8396097
9316775
8852921
8432193
12314589
9301204
9267402
9101153
9335424
8765373
8539019
11098291
8651832
9120479
8670948
9294022
8488762
10997408
8275169
9154128
8427253
8182514
9330015
7770432
10320641
8550901
7517308
7940746
7526424
7737049
7460539
8334706
7688978
7025801
7255645
7662000
7630698
9098824
7032158
6790127
9728357
7658618
7608045
7907577
7615598
7256172
7256276
7027683
6779454
7865809
7140341
6876435
7820186
6862999
6818937
6778677
7252115
6948678
6966126
8635085
6587429
6607846
7812222
9283316
13210140
11921547
11484255
8714829
9050871
8842069
9286809
9534727
9449675
8715561
8325926
10578479
9795406
9198219
8770928
8635772
8669054
8571086
9195513
11089785
8341139
8279056
8544838
8491193
8825620
8788537
8584580
10144320
8097758
8270414
7082915
8147811
8102291
7746093
8210052
7401563
7556199
6651772
8120888
7350523
8898024
7152868
7984535
6955734
6869380
7682193
6606464
7785371
6783028
7569018
7419175
9424644
8153551
10203708
7402302
6871886
7247355
7261991
7944387
7527044
11037149
6779128
6609545
7031785
6424078
6841266
6813714
7497100
6414288
6116736
6321164
7312414
9107884
16606010
11757416
8972885
10670803
8604240
8502678
13675857
8823617
8258670
8074139
8369139
8134996
9439893
13173227
9803331
8896300
9574582
8692708
9000260
11554011
8911147
8588960
7085262
8487815
8122659
9156774
13453650
8637661
8592973
8270474
12020631
8051465
8040840
12872612
8069591
7188185
8135998
7682509
7767301
7749333
16172668
11356366
6911782
8978971
7167044
7409544
8073920
13950431
9169859
7770848
8214026
7424287
7473090
9267361
7819913
7097414
6751321
6723561
7611790
7071999
9218406
7148823
6538615
7008251
6777783
8141065
6407732
7048149
6545129
6168619
8437682
8115287
9979454
11739767
8793726
8398205
9033831
8786748
10309196
8755603
9578624
8508885
7929459
8691490
7921022
9310971
10673523
9087795
8666910
9266077
8717275
9115401
9085662
8918162
8775611
8248267
8330559
7747070
8831029
8438998
8707176
7942281
7826344
10364521
8251032
8532751
10358742
7886138
7551347
7107597
7163483
6840463
7791661
9356037
7279839
6848329
6436559
6834945
8059164
7201456
9428644
7803905
7562656
7648125
7117500
7468126
9883231
6911512
7119742
7039586
7058024
6660212
6917452
8414224
7683443
6558443
6357194
6530528
6676778
6446883
7669592
6503811
6166415
6651416
8607406
8985584
11906053
10592929
9190117
8605898
8486211
8788764
9940483
10577255
8948245
8180328
8551058
8956684
8779861
8859393
8591060
8649029
8338040
8739082
8581218
8840906
9572574
8182470
8517887
8081325
7797627
8070128
8049816
10453515
8521067
7905442
8053620
7586537
7742527
7652528
7492632
7276800
7085550
7274561
7076801
8306333
7050917
6722688
7013782
7053574
6957012
6636388
6828993
6631128
7876181
7662432
7522276
7210558
8543058
7224986
7973736
7196914
7048685
9711186
6728165
7345093
10112333
6772958
7897803
6521241
6605251
6373742
6782596
11015618
6796556
6701452
5935202
8966036
8980464
8538017
10410569
8468382
8285101
8334685
8023748
8626717
8630416
8480989
9295886
7985626
8951043
9110366
9092033
8569013
8655420
8471358
8456671
8360421
9792818
11227975
7873183
8593965
8072715
8051101
7960216
8091467
9140947
7656780
7351573
8291365
7581469
7578293
7700845
9099804
7356107
7067930
7188816
7053608
7441838
7094078
8197047
6877985
6937413
6768195
6393247
6747518
7989134
7937103
7404395
7511166
7157208
7283251
7440282
11036065
6949710
6907940
7199347
6866118
7426431
7021380
9123880
6673724
6523100
7156590
6213622
6691122
6822112
7468832
6230967
9466697
8841542
10043261
8625761
12575918
8808939
8857846
8573940
8485139
9703369
8358213
8472953
8129151
9090975
9100871
8770923
9100612
23722801
20933895
16914155
12127280
9976395
9110979
7711917
10587126
13604314
8865564
8770357
8244836
8674160
8252025
7775775
7753432
7410776
7965620
7557704
8033955
7830361
8082393
7286769
7015780
7161874
6889478
6769114
9700417
6862188
6433595
6444377
6759481
7086565
8181149
11419535
7522140
7394276
7422037
7296464
7624642
7404121
8227039
7296154
7232873
7072352
6893447
8238708
8840479
7204229
6266574
6417720
6438710
7985898
7118815
7846055
6610535
8669650
8727828
8788818
8882256
11031996
8977882
8581007
8752987
8619602
10077676
9014812
8365281
10707781
8454084
10646585
9413616
8837731
9036950
9158722
8407993
8051379
8618098
8354557
7995547
9926329
8075809
8154403
7879559
8089404
9052529
8183363
7918311
8076281
7523990
8362219
7492116
8004512
7967117
8896075
8419357
7570503
7548941
6272223
8200401
7539151
9516287
6858475
6741965
8014882
10002019
8324327
7889015
12415839
7599172
7613131
7223965
8862924
7415060
10777821
8337405
6966988
7260739
6730271
6942823
7097511
8394231
7070846
6756263
7369701
7100587
8108035
6820588
6607255
9147099
9518089
9682309
10558924
8971216
11235904
8895071
8772832
8753405
8629812
8809396
13571063
10441949
8666897
9831846
9003773
9162107
9271535
8713619
9466484
8517995
7552057
7522162
8497423
8463986
8141539
8378258
8251279
8363363
7780655
7875499
10406854
7859615
7614511
7454512
7601544
8138992
7742065
10175920
8667691
7176911
7603317
6922432
7924933
6843319
7829882
6638268
6388424
7400196
6841134
8447332
7702802
7825302
7413688
7386866
7431918
7497283
7403377
9637857
7270097
8181712
11135567
8863328
8113328
6783433
6511038
7317340
6289476
6440310
7748436
6158123
6573436
6057551
9063698
9940209
9241668
10224273
9088075
12200524
8784951
8656097
8476358
8618390
8651932
9410891
9329329
9038757
9130528
8214747
8998654
9938030
8515426
10933447
8686677
9340115
8583084
8616001
8593762
9937409
8305273
8306784
8136837
6856212
7995327
8236734
7637203
8449704
7626423
7880538
7339757
8077102
8657675
10713822
8942155
10021323
7375021
7245751
5756897
9332002
10859242
7678096
6684868
7558514
7992317
8070182
9703255
7406745
7174402
7481173
6813569
7623258
9921956
6940967
6905238
7078937
6910447
6975969
7171230
11158679
6429304
6290710
6303836
6721753
7142066
6346285
9982224
8963786
9051339
8941652
9293788
9765299
9123529
8773373
8531602
8696759
8615145
9592698
8693896
10992803
9555928
9201866
9539367
8895305
9614524
9605098
11512702
8815203
8604995
8548120
9058121
8826455
8900986
8692862
8053539
8165259
8238020
8502499
7802500
9520990
8153334
7487397
7996200
7315471
7353805
7649482
11599379
7595004
6965890
7790839
7427297
9241152
7406621
10044382
6807924
6911935
7590530
8096103
7806156
10242302
7511886
7160844
7492616
6921575
8156367
7006159
8954805
7413816
6728556
7632828
7065328
6883401
6711683
9118038
6352674
6307518
6862050
6204446
6539082
9864708
8743250
8638094
8851272
8554658
8744710
11934971
8686274
8359660
8090129
8534765
8285703
8923516
8719193
8930027
8798153
9089091
8915654
9031019
8661488
10947322
10708573
7668260
8596230
8431699
8343522
8080346
9123055
7988888
7519982
8471233
9264984
8794411
11672277
7650610
7379100
7414673
7791445
7486549
7916758
10980092
8028634
7120145
7359156
7174990
7645407
6985616
6975668
6702648
6427388
7872753
10633275
8195463
11286193
8002287
7345672
7271246
7251194
7670414
7292081
10003800
7510780
6864166
7523801
6763646
8643959
6859793
15610315
10906304
8377711
7756722
7065264
7143910
5960577
8946724
8679589
9135214
8709434
9359747
8316570
9271935
10063290
8622613
8626051
8003968
8457927
9801105
9256730
8793137
8786367
8761055
8831993
8730379
10497150
8561682
8347515
8785433
8209756
8677829
8357726
9952674
8233768
8166946
8328092
8366010
7876270
8887729
10536063
9382574
7635543
7898565
7658253
7879138
7687212
7687837
7409140
6886172
6249818
9167214
7078309
11029299
7901174
6779352
7301540
7665603
8518780
7858677
9042063
7567428
6965813
7361491
6693731
7252742
10058732
6784097
7278785
6884879
6923786
6763422
7459308
7205715
10616184
6280507
6527070
6413581
6754467
7300145
13299417
15952491
11246813
9098116
12544731
8946033
9816815
9594368
8972285
8686660
8278536
9982703
9606590
10485288
9226382
9005758
9880238
8524821
9596749
8619979
8480865
8544511
8273574
8226439
7939773
8547742
12344097
8031285
8101650
8499775
7955974
8378630
8433058
11619882
7864257
7409362
8120456
7321862
7835561
7590197
9554885
7773844
7011969
7135355
6870095
9235408
7086867
8179055
6788170
7377285
7366661
7805463
7732964
9975412
7494631
7334267
7874216
6877654
8364790
7212186
6862186
7058906
6962031
7331355
6293178
6666824
6524169
6441669
7397868
6194066
6368806
6342609
6381307
10634537
8822298
8799902
9075320
8743601
8824227
8592717
8845478
8522978
8272145
9090115
8543449
8050376
13551158
8714127
10836211
8867826
9128504
8857983
8589807
12006683
8558506
8353089
8668142
8401580
7697987
8238143
7909342
7488926
7650437
7663979
10576271
7827053
7568407
7167679
7229294
7259034
7227055
8775077
7647264
9310703
6988463
6567630
7348308
6911538
7233361
9797737
6526227
6354456
7567113
7892374
7743208
7796594
7420136
8854303
7337897
7206544
7179200
7072170
7279306
7232327
6973317
6657172
7276547
6670923
7834361
6793788
7798008
6438425
5829831
6645196
5978478
9541031
14793532
10114418
8993845
8886033
8773273
10687805
8543326
10216660
8700463
8272807
8386766
8634318
8243902
11949424
8763538
8801351
8806092
8770675
9757499
9225416
9781771
10606042
8835313
10652189
8495210
8540575
8077451
13388077
8505889
7944275
8905265
8182193
8160735
9883079
7483236
7267299
6925060
7238862
7605113
7000895
8222926
6681729
6520323
6269855
6591418
6132825
6522148
8247357
6134545
7135691
7422775
7256109
7222047
8971058
7077777
7095538
6723924
6853664
6706060
6978248
7942676
6624968
6518771
6404396
6366011
6258564
6679710
7273252
6216169
6030961
6091483
5839348
9301432
9193672
8625912
8430913
8290184
8324039
8373102
8535602
8330915
8205863
7848624
8167010
7814094
9217793
13321544
9790919
8766857
8401545
8494305
8187587
8735661
9756078
8579255
8156339
7806652
8365038
8395559
8755560
10506446
8389936
7505770
7645093
7571344
7546292
10019991
7860408
7081033
7157856
7388586
6871972
8423223
9231505
7006088
6796974
6689631
6884527
6661663
6968278
8438956
7729685
7361040
7945207
7330833
7520573
7276667
7124584
7028908
6707502
7464742
6837763
7189430
6617868
6619744
6606567
6353547
6649954
6217246
6509121
10365060
7505581
6230425
5896415
6138082
9435323
12231521
8326730
8437511
8216210
8358867
8127982
8335326
9347149
8578296
8063869
7846213
8164443
11702361
9162257
8741215
9316581
8629341
8560696
8508353
9016062
9040489
8493719
8608303
8270751
8321741
8363200
7856430
11995285
7857837
7908410
7380494
7591224
7055860
7254350
7225809
6986538
7047476
6932529
6954613
7141905
7267843
6848104
7330969
6759303
6760397
6509460
6563523
9489826
6652065
7828368
7365452
7905244
7309620
7399203
8510402
7003944
7212799
6934310
7159831
7134519
7133530
8724155
6749364
6649156
6734573
6455772
7478585
6484054
6377700
7418638
6148014
6796244
10629422
9248745
9440464
8654840
8474996
9546976
8273851
9274477
10708280
9817238
9151406
8142916
8265886
8557136
9758231
10208908
8643127
8925784
8676774
7532399
8637556
8833130
8392089
8373287
8328860
8112923
7871049
8319487
8572508
8782405
7834436
7529437
7664854
7419333
8918240
7404543
7769595
7646679
7411471
7136159
6998399
7242723
6859807
7994339
8930589
6963871
6703819
6862830
6642163
8194247
7562216
7461227
7678050
7507218
9759770
7814510
10573053
7364563
7174355
7113783
6804773
7660086
7511233
6487275
6470504
7852224
7087380
7926860
6679413
12052799
7165820
6012487
6828165
8932384
8866812
9222333
8635823
8572021
8413949
8650095
8477804
8667961
8911399
8377806
7922025
8754786
8847703
9103381
9262912
9250309
8436351
8627185
8863071
8395831
8403280
11792187
8228541
8490104
7905886
7238595
9481877
8335992
9528961
7495836
7549847
8738337
7971307
7978338
7577141
7492298
7336308
6854434
7177507
7152716
7218967
10589072
6580218
7065635
7843344
7257875
6396626
7053397
8094492
7401002
7245170
7526576
7341525
8462827
7465797
9106683
7029652
6788715
8061059
6992153
7368560
8586373
11097363
6968457
6428822
7027104
6954553
14177991
9815908
7053200
6311846
5934138
8693827
9501796
11815234
8630703
8506537
8344506
8660132
8378153
9875966
9983362
8375446
8069769
7833468
8962010
9668469
8878365
9017689
8948470
8510971
8879305
8475868
8641858
11201129
8383005
8690661
8117381
8075454
7915767
8074205
7947278
7562643
7531550
8013634
6851291
