182
172
151
148
154
159
253
184
207
242
285
217
194
189
180
221
215
200
212
208
228
203
239
187
211
209
219
183
182
285
227
233
219
178
206
179
190
219
210
245
187
192
199
199
206
218
221
171
178
234
219
243
205
205
194
178
219
220
187
182
216
181
215
210
165
163
182
169
173
156
180
193
157
182
183
155
147
146
147
191
159
168
209
189
179
182
209
196
152
184
174
186
208
208
156
154
195
198
176
211
202
214
176
177
195
185
167
184
186
186
187
180
165
192
188
190
176
210
175
187
201
188
176
227
191
187
199
246
186
183
179
174
209
168
172
183
209
176
195
185
202
215
181
194
268
204
210
251
217
190
288
208
215
173
187
206
213
176
165
188
177
180
212
218
199
190
197
149
171
142
177
191
184
193
212
175
189
196
210
217
206
183
217
185
170
208
186
231
190
199
184
213
219
180
199
180
179
215
205
210
193
178
181
200
185
187
179
212
185
173
207
221
205
204
181
175
188
199
204
244
151
185
228
186
188
219
216
206
166
209
198
214
167
175
176
191
186
219
168
174
165
226
195
175
179
158
199
161
153
179
180
188
190
192
167
159
188
161
205
183
171
180
164
175
165
158
182
164
152
153
200
146
181
143
165
151
164
140
150
179
184
131
150
153
163
151
187
141
182
177
178
186
138
190
179
175
180
173
168
160
208
169
196
173
155
163
160
195
156
214
158
189
197
202
178
184
181
158
183
164
151
184
174
177
155
199
200
188
210
216
185
198
174
198
215
179
184
206
161
186
168
168
188
148
190
167
156
184
174
172
142
200
149
172
189
179
211
194
169
212
184
165
208
147
184
177
131
174
154
154
195
154
175
179
153
201
204
172
190
184
167
160
150
178
183
182
167
153
167
184
154
157
160
175
214
167
164
156
182
189
187
175
161
181
183
175
174
205
157
195
187
174
160
178
182
188
194
145
152
191
161
148
154
159
162
174
164
162
146
191
165
179
163
168
165
163
171
179
152
147
175
160
175
158
186
155
185
187
192
162
201
181
179
160
179
220
206
164
183
184
193
161
182
154
187
172
142
167
148
169
177
190
174
183
157
158
169
187
159
182
173
212
179
198
186
153
211
177
159
161
166
154
183
183
165
143
146
159
161
168
174
177
187
160
192
170
154
182
173
197
187
151
146
178
188
201
166
185
169
167
173
162
183
172
172
176
177
184
187
167
177
161
144
162
152
151
186
165
196
166
177
185
159
168
144
188
181
155
164
175
151
180
156
165
159
165
186
159
200
154
147
134
169
175
177
184
191
177
153
177
162
189
177
173
146
183
154
192
181
183
161
185
191
177
175
161
211
163
179
180
183
153
187
177
180
182
162
147
177
180
186
157
159
159
183
186
165
178
208
213
188
152
175
208
164
185
204
187
145
218
177
184
194
183
186
185
174
228
182
188
195
173
191
189
186
190
149
181
179
173
160
219
158
177
171
176
175
176
167
175
186
173
179
167
188
184
219
174
185
179
193
156
182
218
192
159
175
154
166
162
159
186
183
176
190
176
150
168
159
154
171
185
185
162
183
166
177
177
163
149
207
151
212
191
194
159
143
186
188
169
178
179
165
163
209
161
166
194
173
140
144
172
169
195
184
163
179
194
198
175
174
190
185
187
175
218
164
185
184
164
155
181
149
172
154
163
215
184
162
158
145
170
137
173
132
155
160
162
153
175
181
208
155
130
152
162
163
168
178
177
153
163
147
172
149
156
152
175
154
165
142
179
168
153
178
154
156
204
145
160
162
134
204
173
165
162
169
165
154
195
154
179
148
178
181
184
165
180
154
156
155
167
180
189
185
219
163
187
191
182
156
191
172
145
152
185
149
174
158
167
195
155
157
189
156
181
183
187
149
153
183
158
161
175
163
180
174
162
171
154
148
128
155
152
185
173
145
218
188
140
177
159
175
156
145
145
183
184
126
153
163
160
185
148
165
170
143
199
152
140
179
181
184
155
174
150
180
166
195
143
180
164
160
179
150
186
165
190
166
196
177
196
179
141
173
152
145
145
163
139
183
185
165
163
175
155
181
141
155
190
181
137
151
143
177
148
167
189
152
150
183
167
155
206
178
164
154
138
152
163
195
179
151
155
183
185
167
156
180
186
218
180
183
187
160
191
184
158
184
183
152
160
148
144
214
177
201
145
178
183
162
166
188
147
154
154
155
170
166
163
189
154
169
161
221
159
181
179
190
161
183
175
175
182
144
174
150
159
179
171
154
206
175
186
166
147
178
183
185
177
196
150
180
181
188
174
178
181
185
184
167
158
205
186
166
165
175
183
183
176
174
197
216
188
173
221
160
155
193
193
191
185
174
156
207
184
210
188
190
180
194
187
187
214
164
173
189
188
207
200
178
180
160
196
173
180
197
177
177
177
176
185
160
169
146
180
159
153
161
188
146
188
201
178
184
192
185
165
174
213
155
160
158
203
177
184
180
188
166
196
159
170
185
174
149
163
161
176
174
154
191
178
171
143
195
158
157
192
165
216
157
198
158
174
210
186
161
177
211
211
194
172
167
161
183
159
176
193
146
154
183
168
152
178
194
196
150
180
182
164
164
174
142
161
185
173
145
185
182
168
203
194
160
186
185
165
217
165
217
157
173
143
160
