339
280
296
267
261
272
263
284
250
265
295
278
276
285
300
299
275
267
277
288
275
298
287
301
292
267
248
251
282
280
284
283
260
249
248
247
275
261
258
243
263
263
292
267
277
295
266
261
302
282
261
266
255
263
276
264
287
235
220
235
266
319
254
266
215
270
300
256
261
281
267
230
275
219
220
254
239
259
257
262
244
260
246
260
268
255
233
248
263
246
257
249
250
254
257
256
249
257
281
284
261
291
283
284
264
259
269
298
260
271
266
296
295
282
280
294
272
298
264
248
259
262
277
254
285
251
254
260
270
261
281
299
255
268
297
291
285
249
256
281
287
290
254
280
254
291
261
282
250
297
280
261
290
287
292
274
275
296
292
296
301
262
259
292
291
280
281
300
274
278
264
259
303
294
246
299
214
273
270
259
272
274
264
282
271
254
268
280
260
268
275
293
262
298
288
263
274
286
271
253
255
275
275
255
265
268
291
292
287
288
257
327
270
273
299
291
280
292
295
296
269
240
294
292
300
300
299
276
292
275
294
298
275
277
270
287
294
276
255
280
302
302
297
252
309
268
269
292
285
296
315
260
287
284
277
278
275
287
277
248
286
321
275
287
256
278
306
293
267
287
292
307
295
290
281
291
336
291
303
295
293
272
275
305
261
293
293
294
276
263
301
328
268
296
292
280
298
250
296
280
288
267
256
268
252
260
274
302
311
261
315
274
253
258
268
270
298
277
289
262
278
288
257
243
291
269
292
272
257
301
279
295
264
277
259
292
298
296
300
330
296
292
310
282
291
309
307
275
282
295
277
312
279
328
320
299
299
300
298
294
276
299
307
288
270
272
305
317
293
271
287
272
301
336
300
302
297
270
287
310
289
301
290
234
290
306
258
264
309
304
288
312
279
271
313
321
298
328
330
302
275
291
307
279
298
331
295
292
298
297
295
296
292
301
266
298
287
302
309
295
265
247
279
264
299
331
307
281
294
296
301
296
254
315
265
318
285
288
286
290
288
286
320
290
273
319
277
288
290
291
272
254
259
266
323
291
291
280
257
302
305
293
288
298
300
353
289
294
300
300
300
309
306
312
278
267
301
310
309
281
329
    imgToMem = 68
285
303
298
315
327
300
318
305
272
304
285
293
318
251
296
300
300
298
300
297
301
309
314
289
297
290
324
299
295
306
323
324
298
300
298
326
292
304
296
311
286
295
337
    imgToMem = 72
325
297
364
324
297
269
328
301
327
288
306
311
276
300
287
299
309
297
291
301
313
292
351
296
292
289
299
307
281
281
293
332
299
288
330
322
323
279
304
331
291
301
299
290
304
355
305
322
306
324
348
298
324
297
329
292
306
296
301
296
265
271
262
262
292
297
271
268
269
262
303
241
264
297
289
250
309
276
281
266
297
270
263
327
312
285
303
285
270
308
293
309
298
296
286
316
269
323
299
294
280
322
267
288
291
292
296
292
278
339
315
329
300
295
308
334
282
298
293
332
325
304
310
327
355
299
331
335
269
304
300
271
329
296
284
304
341
292
301
296
316
298
306
302
309
292
342
322
304
288
277
307
299
322
315
322
321
292
321
290
292
246
259
292
237
291
268
302
305
258
291
289
289
285
274
280
294
296
292
299
300
306
295
292
330
309
298
303
295
345
328
330
318
287
291
276
252
264
283
293
297
336
291
302
330
322
287
312
287
284
331
292
302
276
286
297
313
323
295
292
306
302
293
289
289
296
298
297
289
294
288
299
292
289
306
265
298
308
282
303
292
297
304
263
328
261
297
298
280
302
303
278
293
270
301
310
297
298
282
286
274
273
351
309
281
262
227
272
263
282
294
274
274
360
293
296
275
295
300
296
289
264
291
290
290
