22845
24804
26135
24953
8657
2597
3202
2643
2740
3019
2991
2305
2308
2997
3053
3260
3280
2666
1966
5477
2568
2450
2955
2726
3476
3084
2552
2232
2897
2529
3368
1892
2574
3364
2071
2768
3192
2256
1749
3511
2296
1767
2578
2223
6374
15320
22464
9312
8204
12583
8681
8524
7324
7905
4577
10900
16491
8188
8221
8944
13631
6775
8884
5351
5837
6411
11081
13458
5371
10543
6839
8371
3699
3195
4751
4571
4097
3067
5703
7449
6570
6540
3712
3760
2878
3330
3021
3866
3414
3643
3541
3165
1026
1567
1563
1621
1719
1537
1307
1358
1145
1231
1391
1408
1664
1259
19076
5817
4381
4240
3269
4975
3206
2706
5138
4781
3809
1941
1671
2299
2647
3665
1864
2901
2705
2098
2604
2856
2195
2506
2852
2901
2732
3254
1978
2727
2402
4223
4189
4522
2361
2048
1932
2278
2394
3685
2795
2940
3073
2326
3095
2580
3660
4738
5568
3729
2810
5660
3702
5056
6537
6480
4689
4481
4399
3170
3573
3898
3575
4498
3874
4648
3267
2965
3771
4278
2540
2565
2763
2495
3355
3328
4115
5597
2739
3626
7113
5254
4864
2268
2773
3360
2131
2806
2626
2239
2296
2759
2496
3315
2798
4416
5169
5658
3764
4835
3296
3427
6144
3323
3630
5735
3836
3264
2782
2757
3123
1681
2963
2432
5071
11847
4360
2997
2571
3687
4542
5184
8263
8042
9168
8869
3891
4820
3467
4094
3262
3250
2561
2419
2282
2427
3177
2627
2690
2698
2540
2012
1953
2193
2639
3062
1689
1570
2429
1811
2735
2899
2661
2640
2518
2186
1932
2017
2170
1973
1885
1977
1697
1796
1628
2581
2430
2619
2427
