672
1.63623e+06

470
1.47725e+06

629
1.62312e+06

622
1.62848e+06

641
1.61272e+06

590
1.59601e+06

602
1.59236e+06

455
1.4735e+06

364
1.02152e+06

494
1.31848e+06

589
1.47706e+06

641
1.68786e+06

510
1.48288e+06

328
942581

271
808701

197
814931

116
800615

79
651241

37
373278

35
292646

67
472427

67
454675

74
538456

51
438695

30
333936

36
334428

1
213353

0
94437

0
78745

0
60884

0
54699

0
36901

0
31534

0
28146

0
30126

0
124621

15
235870

20
258604

17
227396

12
246522

14
226846

20
303012

13
373406

25
378292

67
397029

116
523337

157
613272

173
702743

62
487267

64
598907

206
1.08701e+06

232
1.18752e+06

247
1.25708e+06

243
1.25396e+06

265
1.25178e+06

184
1.10827e+06

211
1.18878e+06

170
1.14327e+06

189
1.08789e+06

193
1.11231e+06

176
1.09054e+06

117
861113

121
829594

149
826904

179
888846

234
999456

230
1.01659e+06

352
1.13807e+06

486
1.21896e+06

594
1.21455e+06

592
1.23224e+06

581
1.36186e+06

568
1.35707e+06

445
1.23316e+06

361
1.09263e+06

300
891361

298
1.0516e+06

179
746339

258
869816

208
785122

323
961742

312
1.17522e+06

368
1.31886e+06

385
1.24341e+06

464
1.38317e+06

429
1.33888e+06

540
1.45726e+06

703
1.69245e+06

966
2.06899e+06

662
1.56738e+06

1044
2.0309e+06

1220
2.23371e+06

1191
2.32161e+06

1211
2.08429e+06

1066
1.69385e+06

714
1.50555e+06

410
1.25896e+06

368
1.0787e+06

314
1.1085e+06

203
917099

145
809232

162
724413

292
1.03784e+06

389
1.43844e+06

393
1.54152e+06

301
1.19412e+06

214
1.01305e+06

206
867428

153
729639

166
710589

103
606399

121
1.03521e+06

66
683787

185
3.58214e+06

69
1.42298e+06

14
734772

21
935216

20
568535

35
676588

83
819525

30
477535

103
1.07419e+06

185
1.02671e+06

205
1.37683e+06

227
938568

333
1.53219e+06

326
1.28629e+06

320
1.50106e+06

360
1.19516e+06

434
1.50095e+06

453
1.42676e+06

465
1.40513e+06

513
1.61367e+06

422
1.49142e+06

397
1.35637e+06

401
1.15951e+06

254
992629

256
1.03235e+06

243
1.14253e+06

231
1.12247e+06

232
1.09789e+06

294
1.24678e+06

306
1.29435e+06

399
1.51461e+06

308
1.3007e+06

415
1.36118e+06

378
1.25598e+06

262
1.01121e+06

449
1.28574e+06

254
865506

186
801775

86
673692

94
769794

80
752290

83
608167

74
784096

93
1.04425e+06

63
796926

77
724657

126
716396

141
647553

106
651838

29
499819

37
368493

142
723077

108
580232

231
647398

156
534310

108
371943

104
456012

99
527096

122
512923

0
139857

19
251304

28
284073

28
529642

12
301925

128
589857

249
961136

108
504616

54
391167

182
619776

119
352539

155
369676

162
345903

23
195639

33
418952

82
551971

157
781074

257
1.01065e+06

264
1.11726e+06

339
1.14604e+06

343
1.14191e+06

324
1.14036e+06

311
1.13398e+06

311
1.17758e+06

389
1.28729e+06

360
1.33972e+06

485
1.52854e+06

434
1.40864e+06

608
1.60593e+06

624
1.58468e+06

771
1.70961e+06

760
1.7203e+06

885
1.95924e+06

816
1.79009e+06

897
1.95074e+06

